194.047 138.919 462.168
185.003 153.621 449.841
185.003 153.621 449.841
175.764 167.922 437.909
175.764 167.922 437.909
166.331 181.822 426.372
166.331 181.822 426.372
156.703 195.321 415.23
156.703 195.321 415.23
146.881 208.419 404.483
146.881 208.419 404.483
136.863 221.117 394.131
136.863 221.117 394.131
126.651 233.413 384.174
126.651 233.413 384.174
116.245 245.309 374.613
116.245 245.309 374.613
105.643 256.804 365.446
105.643 256.804 365.446
94.847 267.897 356.674
94.847 267.897 356.674
83.8561 278.59 348.298
83.8561 278.59 348.298
72.6704 288.882 340.316
72.6704 288.882 340.316
61.2901 298.773 332.73
61.2901 298.773 332.73
49.715 308.264 325.538
49.715 308.264 325.538
37.9452 317.353 318.742
37.9452 317.353 318.742
25.9807 326.042 312.34
25.9807 326.042 312.34
13.8214 334.329 306.334
13.8214 334.329 306.334
1.46743 342.216 300.723
1.46743 342.216 300.723
-11.0812 349.702 295.507
-11.0812 349.702 295.507
-23.8247 356.787 290.686
-23.8247 356.787 290.686
-36.7628 363.471 286.26
-36.7628 363.471 286.26
-49.8957 369.754 282.228
-49.8957 369.754 282.228
-63.2232 375.637 278.592
-63.2232 375.637 278.592
-76.7455 381.118 275.352
-76.7455 381.118 275.352
-90.4625 386.199 272.506
-90.4625 386.199 272.506
-104.374 390.878 270.055
-104.374 390.878 270.055
-118.481 395.157 267.999
-118.481 395.157 267.999
-132.782 399.035 266.338
-132.782 399.035 266.338
-147.278 402.512 265.073
-147.278 402.512 265.073
-161.968 405.588 264.202
-161.968 405.588 264.202
-155.876 399.268 288.979
-155.876 399.268 288.979
-149.366 393.103 313.191
-149.366 393.103 313.191
-142.437 387.095 336.84
-142.437 387.095 336.84
-135.091 381.243 359.924
-135.091 381.243 359.924
-127.327 375.548 382.444
-127.327 375.548 382.444
-119.145 370.008 404.4
-119.145 370.008 404.4
-110.545 364.625 425.793
-110.545 364.625 425.793
-101.526 359.398 446.621
-101.526 359.398 446.621
-92.0904 354.327 466.885
-92.0904 354.327 466.885
-82.2364 349.413 486.585
-82.2364 349.413 486.585
-71.9644 344.655 505.72
-71.9644 344.655 505.72
-61.2745 340.053 524.292
-61.2745 340.053 524.292
-50.1666 335.607 542.3
-50.1666 335.607 542.3
-38.6408 331.317 559.743
-38.6408 331.317 559.743
-26.697 327.184 576.623
-26.697 327.184 576.623
-14.3352 323.207 592.938
-14.3352 323.207 592.938
-1.55553 319.386 608.69
-1.55553 319.386 608.69
11.6421 315.721 623.877
11.6421 315.721 623.877
25.2577 312.213 638.5
25.2577 312.213 638.5
39.2913 308.861 652.559
39.2913 308.861 652.559
53.7428 305.665 666.054
53.7428 305.665 666.054
68.6123 302.625 678.985
68.6123 302.625 678.985
83.8997 299.741 691.352
83.8997 299.741 691.352
99.6052 297.014 703.155
99.6052 297.014 703.155
115.729 294.443 714.394
115.729 294.443 714.394
132.27 292.028 725.068
132.27 292.028 725.068
149.229 289.77 735.179
149.229 289.77 735.179
166.606 287.667 744.725
166.606 287.667 744.725
184.401 285.721 753.708
184.401 285.721 753.708
202.615 283.931 762.126
202.615 283.931 762.126
233.302 286.48 732.18
233.302 286.48 732.18
262.212 289.547 702.736
262.212 289.547 702.736
289.346 293.132 673.793
289.346 293.132 673.793
314.702 297.236 645.353
314.702 297.236 645.353
338.281 301.858 617.415
338.281 301.858 617.415
360.083 306.998 589.978
360.083 306.998 589.978
380.108 312.657 563.044
380.108 312.657 563.044
398.356 318.834 536.611
398.356 318.834 536.611
414.827 325.529 510.68
414.827 325.529 510.68
429.521 332.743 485.252
429.521 332.743 485.252
442.438 340.474 460.325
442.438 340.474 460.325
453.577 348.725 435.9
453.577 348.725 435.9
462.94 357.493 411.977
462.94 357.493 411.977
470.525 366.78 388.556
470.525 366.78 388.556
476.334 376.586 365.637
476.334 376.586 365.637
480.365 386.909 343.219
480.365 386.909 343.219
482.619 397.751 321.304
482.619 397.751 321.304
483.097 409.111 299.891
483.097 409.111 299.891
481.797 420.99 278.979
481.797 420.99 278.979
478.72 433.387 258.57
478.72 433.387 258.57
473.866 446.302 238.662
473.866 446.302 238.662
467.235 459.736 219.257
467.235 459.736 219.257
458.826 473.687 200.353
458.826 473.687 200.353
448.641 488.158 181.951
448.641 488.158 181.951
436.679 503.146 164.052
436.679 503.146 164.052
422.939 518.653 146.654
422.939 518.653 146.654
407.423 534.678 129.758
407.423 534.678 129.758
390.129 551.222 113.364
390.129 551.222 113.364
371.059 568.284 97.4715
371.059 568.284 97.4715
350.211 585.864 82.0813
