105.885 140.623 -155.224
101.335 145.649 -146.631
101.335 145.649 -146.631
96.8411 150.71 -138.144
96.8411 150.71 -138.144
92.4041 155.807 -129.764
92.4041 155.807 -129.764
88.0237 160.94 -121.491
88.0237 160.94 -121.491
83.6998 166.11 -113.324
83.6998 166.11 -113.324
79.4325 171.315 -105.265
79.4325 171.315 -105.265
75.2218 176.556 -97.3121
75.2218 176.556 -97.3121
71.0677 181.833 -89.4663
71.0677 181.833 -89.4663
66.9701 187.146 -81.7273
66.9701 187.146 -81.7273
62.9291 192.495 -74.0952
62.9291 192.495 -74.0952
58.9447 197.88 -66.5699
58.9447 197.88 -66.5699
55.0168 203.3 -59.1514
55.0168 203.3 -59.1514
51.1455 208.757 -51.8398
51.1455 208.757 -51.8398
47.3308 214.25 -44.635
47.3308 214.25 -44.635
43.5727 219.779 -37.5371
43.5727 219.779 -37.5371
39.8711 225.343 -30.5461
39.8711 225.343 -30.5461
36.2261 230.944 -23.6618
36.2261 230.944 -23.6618
32.6377 236.581 -16.8844
32.6377 236.581 -16.8844
29.1058 242.253 -10.2139
29.1058 242.253 -10.2139
25.6305 247.962 -3.65017
25.6305 247.962 -3.65017
22.2118 253.706 2.80669
22.2118 253.706 2.80669
18.8496 259.486 9.15671
18.8496 259.486 9.15671
15.544 265.303 15.3999
15.544 265.303 15.3999
12.295 271.155 21.5362
12.295 271.155 21.5362
9.10258 277.043 27.5657
9.10258 277.043 27.5657
5.96671 282.968 33.4884
5.96671 282.968 33.4884
2.88741 288.928 39.3042
2.88741 288.928 39.3042
-0.135327 294.924 45.0131
-0.135327 294.924 45.0131
-3.10149 300.956 50.6152
-3.10149 300.956 50.6152
-6.01108 307.024 56.1105
-6.01108 307.024 56.1105
13.4303 317.625 48.9431
13.4303 317.625 48.9431
32.2591 328.073 42.0992
32.2591 328.073 42.0992
50.4753 338.368 35.5787
50.4753 338.368 35.5787
68.079 348.511 29.3817
68.079 348.511 29.3817
85.0702 358.501 23.5081
85.0702 358.501 23.5081
101.449 368.339 17.958
101.449 368.339 17.958
117.215 378.024 12.7313
117.215 378.024 12.7313
132.368 387.556 7.828
132.368 387.556 7.828
146.909 396.936 3.24818
146.909 396.936 3.24818
160.837 406.163 -1.0082
160.837 406.163 -1.0082
174.153 415.237 -4.94113
174.153 415.237 -4.94113
186.856 424.159 -8.55062
186.856 424.159 -8.55062
198.947 432.928 -11.8367
198.947 432.928 -11.8367
210.425 441.545 -14.7993
210.425 441.545 -14.7993
221.29 450.009 -17.4384
221.29 450.009 -17.4384
231.543 458.32 -19.7542
231.543 458.32 -19.7542
241.184 466.479 -21.7464
241.184 466.479 -21.7464
250.211 474.485 -23.4153
250.211 474.485 -23.4153
258.627 482.339 -24.7607
258.627 482.339 -24.7607
266.429 490.04 -25.7826
266.429 490.04 -25.7826
273.619 497.588 -26.4811
273.619 497.588 -26.4811
280.197 504.984 -26.8562
280.197 504.984 -26.8562
286.162 512.227 -26.9078
286.162 512.227 -26.9078
291.514 519.318 -26.636
291.514 519.318 -26.636
296.254 526.256 -26.0407
296.254 526.256 -26.0407
300.382 533.041 -25.122
300.382 533.041 -25.122
303.896 539.674 -23.8799
303.896 539.674 -23.8799
306.798 546.154 -22.3143
306.798 546.154 -22.3143
309.088 552.481 -20.4252
309.088 552.481 -20.4252
310.765 558.656 -18.2128
