179.426 104.008 224.641
203.366 110 228.714
203.366 110 228.714
226.687 115.27 231.156
226.687 115.27 231.156
249.39 119.816 231.966
249.39 119.816 231.966
271.475 123.639 231.145
271.475 123.639 231.145
292.942 126.739 228.692
292.942 126.739 228.692
313.792 129.117 224.607
313.792 129.117 224.607
334.023 130.771 218.891
334.023 130.771 218.891
353.636 131.702 211.544
353.636 131.702 211.544
372.631 131.91 202.565
372.631 131.91 202.565
391.008 131.394 191.954
391.008 131.394 191.954
408.767 130.156 179.712
408.767 130.156 179.712
425.908 128.195 165.838
425.908 128.195 165.838
442.431 125.511 150.333
442.431 125.511 150.333
458.336 122.103 133.196
458.336 122.103 133.196
473.623 117.973 114.428
473.623 117.973 114.428
488.292 113.12 94.0277
488.292 113.12 94.0277
502.343 107.543 71.9963
502.343 107.543 71.9963
515.776 101.244 48.3333
515.776 101.244 48.3333
528.591 94.221 23.0388
528.591 94.221 23.0388
540.788 86.4754 -3.88721
540.788 86.4754 -3.88721
552.366 78.0067 -32.4447
552.366 78.0067 -32.4447
563.327 68.8149 -62.6338
563.327 68.8149 -62.6338
573.67 58.9001 -94.4544
573.67 58.9001 -94.4544
583.395 48.2623 -127.907
583.395 48.2623 -127.907
592.502 36.9014 -162.99
592.502 36.9014 -162.99
600.99 24.8174 -199.706
600.99 24.8174 -199.706
608.861 12.0104 -238.052
608.861 12.0104 -238.052
616.114 -1.51971 -278.031
616.114 -1.51971 -278.031
622.748 -15.7728 -319.641
622.748 -15.7728 -319.641
628.765 -30.749 -362.882
628.765 -30.749 -362.882
614.739 -30.5511 -366.793
614.739 -30.5511 -366.793
600.497 -30.3059 -370.884
600.497 -30.3059 -370.884
586.04 -30.0135 -375.155
586.04 -30.0135 -375.155
571.367 -29.6739 -379.606
571.367 -29.6739 -379.606
556.479 -29.2871 -384.237
556.479 -29.2871 -384.237
541.375 -28.8531 -389.048
541.375 -28.8531 -389.048
526.055 -28.3718 -394.04
526.055 -28.3718 -394.04
510.52 -27.8433 -399.211
510.52 -27.8433 -399.211
494.77 -27.2676 -404.563
494.77 -27.2676 -404.563
478.804 -26.6446 -410.094
478.804 -26.6446 -410.094
462.622 -25.9744 -415.806
462.622 -25.9744 -415.806
446.225 -25.257 -421.698
446.225 -25.257 -421.698
429.613 -24.4924 -427.77
429.613 -24.4924 -427.77
412.785 -23.6806 -434.022
412.785 -23.6806 -434.022
395.741 -22.8215 -440.454
395.741 -22.8215 -440.454
378.482 -21.9152 -447.066
378.482 -21.9152 -447.066
361.007 -20.9617 -453.859
361.007 -20.9617 -453.859
343.317 -19.961 -460.831
343.317 -19.961 -460.831
325.411 -18.913 -467.984
325.411 -18.913 -467.984
307.29 -17.8179 -475.316
307.29 -17.8179 -475.316
288.953 -16.6755 -482.829
288.953 -16.6755 -482.829
270.401 -15.4858 -490.522
270.401 -15.4858 -490.522
251.633 -14.249 -498.395
251.633 -14.249 -498.395
232.649 -12.9649 -506.448
232.649 -12.9649 -506.448
213.45 -11.6336 -514.681
213.45 -11.6336 -514.681
194.036 -10.2551 -523.094
194.036 -10.2551 -523.094
174.406 -8.82936 -531.687
174.406 -8.82936 -531.687
154.56 -7.35639 -540.46
154.56 -7.35639 -540.46
134.499 -5.8362 -549.414
134.499 -5.8362 -549.414
114.223 -4.26879 -558.547
114.223 -4.26879 -558.547
77.4207 -2.42601 -553.482
77.4207 -2.42601 -553.482
41.4298 -0.640799 -547.648
41.4298 -0.640799 -547.648
6.25002 1.08685 -541.046
6.25002 1.08685 -541.046
-28.1186 2.75694 -533.675
-28.1186 2.75694 -533.675
-61.6761 4.36946 -525.535
-61.6761 4.36946 -525.535
-94.4225 5.92442 -516.628
-94.4225 5.92442 -516.628
-126.358 7.42181 -506.951
-126.358 7.42181 -506.951
-157.482 8.86164 -496.506
-157.482 8.86164 -496.506
-187.795 10.2439 -485.293
-187.795 10.2439 -485.293
-217.297 11.5686 -473.311
-217.297 11.5686 -473.311
-245.988 12.8357 -460.561
-245.988 12.8357 -460.561
-273.867 14.0453 -447.042
-273.867 14.0453 -447.042
-300.936 15.1973 -432.754
-300.936 15.1973 -432.754
-327.193 16.2918 -417.699
-327.193 16.2918 -417.699
-352.639 17.3287 -401.874
-352.639 17.3287 -401.874
-377.275 18.308 -385.281
-377.275 18.308 -385.281
-401.099 19.2297 -367.92
-401.099 19.2297 -367.92
-424.112 20.0939 -349.79
-424.112 20.0939 -349.79
-446.313 20.9005 -330.892
-446.313 20.9005 -330.892
-467.704 21.6496 -311.225
-467.704 21.6496 -311.225
-488.283 22.3411 -290.789
-488.283 22.3411 -290.789
-508.052 22.975 -269.586
-508.052 22.975 -269.586
-527.009 23.5514 -247.613
-527.009 23.5514 -247.613
-545.155 24.0702 -224.872
-545.155 24.0702 -224.872
-562.49 24.5315 -201.363
-562.49 24.5315 -201.363
-579.014 24.9351 -177.085
-579.014 24.9351 -177.085
-594.727 25.2812 -152.039
-594.727 25.2812 -152.039
-609.629 25.5698 -126.224
-609.629 25.5698 -126.224
-623.719 25.8008 -99.6404
-623.719 25.8008 -99.6404
-636.999 25.9742 -72.2885
-636.999 25.9742 -72.2885
-627.419 28.7219 -31.1381
-627.419 28.7219 -31.1381
-617.398 31.3946 9.13052
-617.398 31.3946 9.13052
-606.935 33.9922 48.5174
-606.935 33.9922 48.5174
-596.031 36.5148 87.0224
-596.031 36.5148 87.0224
-584.685 38.9623 124.646
-584.685 38.9623 124.646
-572.898 41.3348 161.387
-572.898 41.3348 161.387
-560.669 43.6322 197.247
-560.669 43.6322 197.247
-547.998 45.8546 232.225
-547.998 45.8546 232.225
-534.886 48.0019 266.321
-534.886 48.0019 266.321
-521.332 50.0742 299.535
-521.332 50.0742 299.535
-507.336 52.0714 331.868
-507.336 52.0714 331.868
-492.899 53.9936 363.319
-492.899 53.9936 363.319
-478.021 55.8407 393.888
-478.021 55.8407 393.888
-462.7 57.6127 423.575
-462.7 57.6127 423.575
-446.938 59.3097 452.381
-446.938 59.3097 452.381
-430.735 60.9317 480.304
-430.735 60.9317 480.304
-414.09 62.4786 507.346
-414.09 62.4786 507.346
-397.003 63.9505 533.506
-397.003 63.9505 533.506
-379.475 65.3473 558.785
-379.475 65.3473 558.785
-361.505 66.669 583.181
-361.505 66.669 583.181
-343.094 67.9157 606.696
-343.094 67.9157 606.696
-324.24 69.0874 629.329
-324.24 69.0874 629.329
-304.946 70.184 651.08
-304.946 70.184 651.08
-285.21 71.2055 671.95
-285.21 71.2055 671.95
-265.032 72.152 691.938
-265.032 72.152 691.938
-244.412 73.0235 711.043
-244.412 73.0235 711.043
-223.351 73.8199 729.268
-223.351 73.8199 729.268
-201.848 74.5412 746.61
-201.848 74.5412 746.61
-179.904 75.1875 763.07
-179.904 75.1875 763.07
-157.518 75.7588 778.649
-157.518 75.7588 778.649
-119.608 65.152 770.381
-119.608 65.152 770.381
-82.4238 55.0132 761.599
-82.4238 55.0132 761.599
-45.9648 45.3426 752.303
-45.9648 45.3426 752.303
-10.2314 36.14 742.494
-10.2314 36.14 742.494
24.7765 27.4055 732.172
24.7765 27.4055 732.172
59.0589 19.1391 721.336
59.0589 19.1391 721.336
92.6158 11.3407 709.987
92.6158 11.3407 709.987
125.447 4.01045 698.124
125.447 4.01045 698.124
157.553 -2.85174 685.748
157.553 -2.85174 685.748
188.933 -9.24585 672.858
188.933 -9.24585 672.858
219.588 -15.1719 659.455
219.588 -15.1719 659.455
249.518 -20.6298 645.538
249.518 -20.6298 645.538
278.721 -25.6197 631.108
278.721 -25.6197 631.108
307.2 -30.1415 616.164
307.2 -30.1415 616.164
334.953 -34.1952 600.707
334.953 -34.1952 600.707
361.98 -37.7809 584.736
361.98 -37.7809 584.736
388.282 -40.8984 568.252
388.282 -40.8984 568.252
413.858 -43.5479 551.254
413.858 -43.5479 551.254
438.709 -45.7293 533.743
438.709 -45.7293 533.743
462.834 -47.4427 515.719
462.834 -47.4427 515.719
486.234 -48.6879 497.181
486.234 -48.6879 497.181
508.908 -49.4651 478.129
508.908 -49.4651 478.129
530.857 -49.7742 458.564
530.857 -49.7742 458.564
552.08 -49.6152 438.486
552.08 -49.6152 438.486
572.577 -48.9881 417.894
572.577 -48.9881 417.894
592.35 -47.893 396.788
592.35 -47.893 396.788
611.396 -46.3298 375.17
611.396 -46.3298 375.17
629.717 -44.2985 353.037
629.717 -44.2985 353.037
647.313 -41.7991 330.391
647.313 -41.7991 330.391
664.183 -38.8317 307.232
664.183 -38.8317 307.232
663.009 -11.2043 288.449
663.009 -11.2043 288.449
660.347 14.9896 270.005
660.347 14.9896 270.005
656.197 39.7502 251.901
656.197 39.7502 251.901
650.558 63.0773 234.135
650.558 63.0773 234.135
643.43 84.971 216.708
643.43 84.971 216.708
634.815 105.431 199.62
634.815 105.431 199.62
624.71 124.458 182.871
624.71 124.458 182.871
613.118 142.052 166.461
613.118 142.052 166.461
600.037 158.212 150.39
600.037 158.212 150.39
585.468 172.938 134.658
585.468 172.938 134.658
569.41 186.231 119.265
569.41 186.231 119.265
551.864 198.091 104.211
551.864 198.091 104.211
532.829 208.518 89.4955
532.829 208.518 89.4955
512.306 217.511 75.1193
512.306 217.511 75.1193
490.295 225.07 61.0821
490.295 225.07 61.0821
466.795 231.196 47.3839
466.795 231.196 47.3839
441.807 235.889 34.0246
441.807 235.889 34.0246
415.33 239.148 21.0043
415.33 239.148 21.0043
387.366 240.974 8.32299
387.366 240.974 8.32299
357.912 241.367 -4.01938
357.912 241.367 -4.01938
326.97 240.326 -16.0228
326.97 240.326 -16.0228
294.54 237.852 -27.6872
294.54 237.852 -27.6872
260.622 233.944 -39.0126
260.622 233.944 -39.0126
225.215 228.603 -49.9991
225.215 228.603 -49.9991
188.319 221.828 -60.6466
188.319 221.828 -60.6466
149.936 213.62 -70.9551
149.936 213.62 -70.9551
110.064 203.979 -80.9247
110.064 203.979 -80.9247
68.703 192.904 -90.5553
68.703 192.904 -90.5553
25.8541 180.396 -99.8469
25.8541 180.396 -99.8469
-18.4833 166.454 -108.8
