423.156 -178.36 -412.993
430.261 -180.71 -426.748
430.261 -180.71 -426.748
436.686 -183.304 -440.823
436.686 -183.304 -440.823
442.431 -186.144 -455.217
442.431 -186.144 -455.217
447.496 -189.23 -469.93
447.496 -189.23 -469.93
451.881 -192.56 -484.962
451.881 -192.56 -484.962
455.585 -196.136 -500.313
455.585 -196.136 -500.313
458.61 -199.958 -515.983
458.61 -199.958 -515.983
460.954 -204.024 -531.973
460.954 -204.024 -531.973
462.618 -208.336 -548.281
462.618 -208.336 -548.281
463.602 -212.894 -564.909
463.602 -212.894 -564.909
463.906 -217.697 -581.856
463.906 -217.697 -581.856
463.53 -222.745 -599.122
463.53 -222.745 -599.122
462.474 -228.038 -616.707
462.474 -228.038 -616.707
460.737 -233.577 -634.611
460.737 -233.577 -634.611
458.32 -239.361 -652.835
458.32 -239.361 -652.835
455.224 -245.391 -671.377
455.224 -245.391 -671.377
451.447 -251.665 -690.239
451.447 -251.665 -690.239
446.99 -258.186 -709.42
446.99 -258.186 -709.42
441.852 -264.951 -728.92
441.852 -264.951 -728.92
436.035 -271.962 -748.739
436.035 -271.962 -748.739
429.538 -279.218 -768.877
429.538 -279.218 -768.877
422.36 -286.72 -789.334
422.36 -286.72 -789.334
414.502 -294.467 -810.111
414.502 -294.467 -810.111
405.964 -302.459 -831.206
405.964 -302.459 -831.206
396.746 -310.697 -852.621
396.746 -310.697 -852.621
386.848 -319.18 -874.355
386.848 -319.18 -874.355
376.269 -327.908 -896.408
376.269 -327.908 -896.408
365.011 -336.882 -918.78
365.011 -336.882 -918.78
353.072 -346.101 -941.471
353.072 -346.101 -941.471
340.454 -355.565 -964.482
340.454 -355.565 -964.482
340.383 -359.928 -989.616
340.383 -359.928 -989.616
340.173 -364.254 -1013.64
340.173 -364.254 -1013.64
339.825 -368.541 -1036.54
339.825 -368.541 -1036.54
339.338 -372.792 -1058.33
339.338 -372.792 -1058.33
338.713 -377.004 -1079.01
338.713 -377.004 -1079.01
337.949 -381.18 -1098.57
337.949 -381.18 -1098.57
337.047 -385.317 -1117.02
337.047 -385.317 -1117.02
336.006 -389.417 -1134.35
336.006 -389.417 -1134.35
334.826 -393.48 -1150.57
334.826 -393.48 -1150.57
333.508 -397.505 -1165.68
333.508 -397.505 -1165.68
332.051 -401.492 -1179.67
332.051 -401.492 -1179.67
330.456 -405.442 -1192.55
330.456 -405.442 -1192.55
328.722 -409.354 -1204.31
328.722 -409.354 -1204.31
326.849 -413.229 -1214.95
326.849 -413.229 -1214.95
324.838 -417.066 -1224.49
324.838 -417.066 -1224.49
322.689 -420.866 -1232.9
322.689 -420.866 -1232.9
320.4 -424.628 -1240.21
320.4 -424.628 -1240.21
317.974 -428.352 -1246.4
317.974 -428.352 -1246.4
315.408 -432.039 -1251.47
315.408 -432.039 -1251.47
312.704 -435.689 -1255.43
312.704 -435.689 -1255.43
309.862 -439.301 -1258.28
309.862 -439.301 -1258.28
306.88 -442.875 -1260.01
306.88 -442.875 -1260.01
303.761 -446.412 -1260.63
303.761 -446.412 -1260.63
300.502 -449.911 -1260.13
300.502 -449.911 -1260.13
297.106 -453.373 -1258.52
297.106 -453.373 -1258.52
293.57 -456.797 -1255.79
293.57 -456.797 -1255.79
289.896 -460.184 -1251.95
289.896 -460.184 -1251.95
286.084 -463.533 -1247
286.084 -463.533 -1247
282.132 -466.844 -1240.93
282.132 -466.844 -1240.93
278.043 -470.118 -1233.75
278.043 -470.118 -1233.75
310.299 -477.522 -1244.77
310.299 -477.522 -1244.77
341.465 -484.706 -1255.39
341.465 -484.706 -1255.39
371.541 -491.668 -1265.6
371.541 -491.668 -1265.6
400.527 -498.409 -1275.41
400.527 -498.409 -1275.41
428.423 -504.929 -1284.81
428.423 -504.929 -1284.81
455.229 -511.229 -1293.81
455.229 -511.229 -1293.81
480.945 -517.307 -1302.4
480.945 -517.307 -1302.4
505.57 -523.164 -1310.58
505.57 -523.164 -1310.58
529.106 -528.801 -1318.36
529.106 -528.801 -1318.36
551.552 -534.216 -1325.73
551.552 -534.216 -1325.73
572.907 -539.411 -1332.7
572.907 -539.411 -1332.7
593.173 -544.385 -1339.26
593.173 -544.385 -1339.26
612.348 -549.137 -1345.42
612.348 -549.137 -1345.42
630.433 -553.669 -1351.17
630.433 -553.669 -1351.17
647.429 -557.98 -1356.51
647.429 -557.98 -1356.51
663.334 -562.07 -1361.45
663.334 -562.07 -1361.45
678.149 -565.939 -1365.98
678.149 -565.939 -1365.98
691.874 -569.587 -1370.11
691.874 -569.587 -1370.11
704.509 -573.014 -1373.83
704.509 -573.014 -1373.83
716.054 -576.22 -1377.14
716.054 -576.22 -1377.14
726.509 -579.205 -1380.05
726.509 -579.205 -1380.05
735.874 -581.969 -1382.56
735.874 -581.969 -1382.56
744.148 -584.512 -1384.66
744.148 -584.512 -1384.66
751.333 -586.834 -1386.35
751.333 -586.834 -1386.35
757.428 -588.936 -1387.63
757.428 -588.936 -1387.63
762.432 -590.816 -1388.51
762.432 -590.816 -1388.51
766.347 -592.475 -1388.99
766.347 -592.475 -1388.99
769.171 -593.914 -1389.06
769.171 -593.914 -1389.06
770.905 -595.131 -1388.72
770.905 -595.131 -1388.72
771.55 -596.128 -1387.98
771.55 -596.128 -1387.98
775.929 -600.453 -1363.15
775.929 -600.453 -1363.15
781.222 -604.879 -1338.82
781.222 -604.879 -1338.82
787.428 -609.406 -1315
787.428 -609.406 -1315
794.548 -614.034 -1291.69
794.548 -614.034 -1291.69
802.581 -618.763 -1268.88
802.581 -618.763 -1268.88
811.527 -623.593 -1246.58
811.527 -623.593 -1246.58
821.387 -628.523 -1224.77
821.387 -628.523 -1224.77
832.161 -633.555 -1203.48
832.161 -633.555 -1203.48
843.847 -638.688 -1182.69
843.847 -638.688 -1182.69
856.447 -643.921 -1162.4
856.447 -643.921 -1162.4
869.961 -649.256 -1142.62
869.961 -649.256 -1142.62
884.388 -654.692 -1123.35
884.388 -654.692 -1123.35
899.728 -660.228 -1104.58
899.728 -660.228 -1104.58
915.982 -665.865 -1086.31
915.982 -665.865 -1086.31
933.149 -671.604 -1068.55
933.149 -671.604 -1068.55
951.229 -677.443 -1051.29
951.229 -677.443 -1051.29
970.224 -683.383 -1034.54
970.224 -683.383 -1034.54
990.131 -689.424 -1018.29
990.131 -689.424 -1018.29
1010.95 -695.566 -1002.55
1010.95 -695.566 -1002.55
1032.69 -701.809 -987.316
1032.69 -701.809 -987.316
1055.33 -708.153 -972.584
1055.33 -708.153 -972.584
1078.89 -714.598 -958.356
1078.89 -714.598 -958.356
1103.37 -721.144 -944.634
1103.37 -721.144 -944.634
1128.76 -727.791 -931.417
1128.76 -727.791 -931.417
1155.06 -734.539 -918.704
1155.06 -734.539 -918.704
1182.27 -741.387 -906.497
1182.27 -741.387 -906.497
1210.4 -748.337 -894.794
1210.4 -748.337 -894.794
1239.44 -755.388 -883.596
1239.44 -755.388 -883.596
1269.4 -762.539 -872.903
1269.4 -762.539 -872.903
1300.26 -769.792 -862.715
1300.26 -769.792 -862.715
1315.05 -780.737 -877.278
1315.05 -780.737 -877.278
1329.03 -791.589 -892.491
1329.03 -791.589 -892.491
1342.21 -802.347 -908.356
1342.21 -802.347 -908.356
1354.59 -813.012 -924.873
1354.59 -813.012 -924.873
1366.17 -823.584 -942.04
1366.17 -823.584 -942.04
1376.95 -834.062 -959.859
1376.95 -834.062 -959.859
1386.92 -844.447 -978.328
1386.92 -844.447 -978.328
1396.09 -854.739 -997.449
1396.09 -854.739 -997.449
1404.46 -864.937 -1017.22
1404.46 -864.937 -1017.22
1412.03 -875.042 -1037.64
1412.03 -875.042 -1037.64
1418.8 -885.053 -1058.72
1418.8 -885.053 -1058.72
1424.76 -894.972 -1080.44
1424.76 -894.972 -1080.44
1429.93 -904.796 -1102.82
1429.93 -904.796 -1102.82
1434.29 -914.528 -1125.85
1434.29 -914.528 -1125.85
1437.85 -924.166 -1149.53
1437.85 -924.166 -1149.53
1440.61 -933.711 -1173.86
1440.61 -933.711 -1173.86
1442.56 -943.162 -1198.84
1442.56 -943.162 -1198.84
1443.72 -952.52 -1224.47
1443.72 -952.52 -1224.47
1444.07 -961.785 -1250.76
1444.07 -961.785 -1250.76
1443.62 -970.956 -1277.69
1443.62 -970.956 -1277.69
1442.37 -980.034 -1305.28
1442.37 -980.034 -1305.28
1440.32 -989.018 -1333.52
1440.32 -989.018 -1333.52
1437.47 -997.91 -1362.41
1437.47 -997.91 -1362.41
1433.81 -1006.71 -1391.94
1433.81 -1006.71 -1391.94
1429.35 -1015.41 -1422.14
1429.35 -1015.41 -1422.14
1424.09 -1024.02 -1452.98
1424.09 -1024.02 -1452.98
1418.03 -1032.54 -1484.47
1418.03 -1032.54 -1484.47
1411.17 -1040.97 -1516.62
1411.17 -1040.97 -1516.62
1403.5 -1049.3 -1549.41
1403.5 -1049.3 -1549.41
1395.04 -1057.53 -1582.86
1395.04 -1057.53 -1582.86
1403.73 -1053.35 -1616.68
1403.73 -1053.35 -1616.68
1411.95 -1049.23 -1649.05
1411.95 -1049.23 -1649.05
1419.69 -1045.15 -1679.97
1419.69 -1045.15 -1679.97
1426.95 -1041.13 -1709.44
1426.95 -1041.13 -1709.44
1433.74 -1037.17 -1737.47
1433.74 -1037.17 -1737.47
1440.05 -1033.26 -1764.05
1440.05 -1033.26 -1764.05
1445.89 -1029.4 -1789.18
1445.89 -1029.4 -1789.18
1451.25 -1025.6 -1812.86
1451.25 -1025.6 -1812.86
1456.13 -1021.85 -1835.09
1456.13 -1021.85 -1835.09
1460.54 -1018.15 -1855.88
1460.54 -1018.15 -1855.88
1464.47 -1014.51 -1875.22
1464.47 -1014.51 -1875.22
1467.93 -1010.93 -1893.11
1467.93 -1010.93 -1893.11
1470.91 -1007.39 -1909.55
1470.91 -1007.39 -1909.55
1473.42 -1003.92 -1924.54
1473.42 -1003.92 -1924.54
1475.45 -1000.49 -1938.09
1475.45 -1000.49 -1938.09
1477 -997.121 -1950.19
1477 -997.121 -1950.19
1478.08 -993.805 -1960.84
1478.08 -993.805 -1960.84
1478.68 -990.542 -1970.04
1478.68 -990.542 -1970.04
1478.81 -987.334 -1977.79
1478.81 -987.334 -1977.79
1478.45 -984.179 -1984.1
1478.45 -984.179 -1984.1
1477.63 -981.079 -1988.96
1477.63 -981.079 -1988.96
1476.33 -978.033 -1992.37
1476.33 -978.033 -1992.37
1474.55 -975.041 -1994.33
1474.55 -975.041 -1994.33
1472.3 -972.103 -1994.84
1472.3 -972.103 -1994.84
1469.57 -969.219 -1993.91
1469.57 -969.219 -1993.91
1466.36 -966.389 -1991.53
1466.36 -966.389 -1991.53
1462.68 -963.612 -1987.7
1462.68 -963.612 -1987.7
1458.52 -960.891 -1982.42
1458.52 -960.891 -1982.42
1453.89 -958.223 -1975.69
1453.89 -958.223 -1975.69
1448.78 -955.609 -1967.52
1448.78 -955.609 -1967.52
1470.25 -948.68 -1992.68
1470.25 -948.68 -1992.68
1491.61 -942.129 -2017.23
1491.61 -942.129 -2017.23
1512.84 -935.956 -2041.17
1512.84 -935.956 -2041.17
1533.95 -930.16 -2064.51
1533.95 -930.16 -2064.51
1554.93 -924.742 -2087.25
1554.93 -924.742 -2087.25
1575.8 -919.701 -2109.38
1575.8 -919.701 -2109.38
1596.54 -915.038 -2130.91
1596.54 -915.038 -2130.91
1617.16 -910.753 -2151.83
1617.16 -910.753 -2151.83
1637.66 -906.845 -2172.15
1637.66 -906.845 -2172.15
1658.03 -903.314 -2191.86
1658.03 -903.314 -2191.86
1678.29 -900.161 -2210.97
1678.29 -900.161 -2210.97
1698.42 -897.386 -2229.47
1698.42 -897.386 -2229.47
1718.43 -894.988 -2247.37
1718.43 -894.988 -2247.37
1738.32 -892.968 -2264.66
1738.32 -892.968 -2264.66
1758.09 -891.325 -2281.35
1758.09 -891.325 -2281.35
1777.73 -890.06 -2297.43
1777.73 -890.06 -2297.43
1797.25 -889.173 -2312.91
1797.25 -889.173 -2312.91
1816.65 -888.663 -2327.78
1816.65 -888.663 -2327.78
1835.93 -888.53 -2342.05
1835.93 -888.53 -2342.05
1855.09 -888.775 -2355.71
1855.09 -888.775 -2355.71
1874.12 -889.398 -2368.77
1874.12 -889.398 -2368.77
1893.03 -890.398 -2381.22
1893.03 -890.398 -2381.22
1911.82 -891.776 -2393.07
1911.82 -891.776 -2393.07
1930.49 -893.531 -2404.32
1930.49 -893.531 -2404.32
1949.03 -895.664 -2414.96
1949.03 -895.664 -2414.96
1967.46 -898.175 -2424.99
1967.46 -898.175 -2424.99
1985.76 -901.063 -2434.42
1985.76 -901.063 -2434.42
2003.94 -904.328 -2443.24
2003.94 -904.328 -2443.24
2022 -907.971 -2451.46
2022 -907.971 -2451.46
2039.93 -911.992 -2459.08
2039.93 -911.992 -2459.08
2062.07 -915.821 -2444.15
2062.07 -915.821 -2444.15
2083.32 -919.947 -2428.91
2083.32 -919.947 -2428.91
2103.69 -924.368 -2413.36
2103.69 -924.368 -2413.36
2123.17 -929.085 -2397.49
2123.17 -929.085 -2397.49
2141.77 -934.098 -2381.31
2141.77 -934.098 -2381.31
2159.48 -939.407 -2364.83
2159.48 -939.407 -2364.83
2176.31 -945.012 -2348.02
2176.31 -945.012 -2348.02
2192.25 -950.913 -2330.91
2192.25 -950.913 -2330.91
2207.3 -957.111 -2313.49
2207.3 -957.111 -2313.49
2221.47 -963.604 -2295.75
2221.47 -963.604 -2295.75
2234.76 -970.393 -2277.7
2234.76 -970.393 -2277.7
2247.16 -977.478 -2259.34
2247.16 -977.478 -2259.34
2258.67 -984.859 -2240.67
2258.67 -984.859 -2240.67
2269.3 -992.536 -2221.68
2269.3 -992.536 -2221.68
2279.04 -1000.51 -2202.39
2279.04 -1000.51 -2202.39
2287.9 -1008.78 -2182.78
2287.9 -1008.78 -2182.78
2295.87 -1017.34 -2162.86
2295.87 -1017.34 -2162.86
2302.96 -1026.2 -2142.62
2302.96 -1026.2 -2142.62
2309.16 -1035.36 -2122.08
2309.16 -1035.36 -2122.08
2314.48 -1044.81 -2101.22
2314.48 -1044.81 -2101.22
2318.91 -1054.56 -2080.05
2318.91 -1054.56 -2080.05
2322.46 -1064.61 -2058.57
2322.46 -1064.61 -2058.57
2325.12 -1074.95 -2036.78
2325.12 -1074.95 -2036.78
2326.89 -1085.58 -2014.68
2326.89 -1085.58 -2014.68
2327.78 -1096.52 -1992.26
2327.78 -1096.52 -1992.26
2327.79 -1107.75 -1969.53
2327.79 -1107.75 -1969.53
2326.91 -1119.27 -1946.49
2326.91 -1119.27 -1946.49
2325.14 -1131.09 -1923.14
2325.14 -1131.09 -1923.14
2322.49 -1143.21 -1899.47
2322.49 -1143.21 -1899.47
2318.95 -1155.62 -1875.49
2318.95 -1155.62 -1875.49
2285.5 -1137.56 -1885.34
2285.5 -1137.56 -1885.34
2252.73 -1119.66 -1895.52
2252.73 -1119.66 -1895.52
2220.63 -1101.91 -1906.02
2220.63 -1101.91 -1906.02
2189.21 -1084.31 -1916.84
2189.21 -1084.31 -1916.84
2158.45 -1066.87 -1927.98
2158.45 -1066.87 -1927.98
2128.38 -1049.58 -1939.45
2128.38 -1049.58 -1939.45
2098.97 -1032.45 -1951.25
2098.97 -1032.45 -1951.25
2070.24 -1015.47 -1963.36
2070.24 -1015.47 -1963.36
2042.18 -998.646 -1975.81
2042.18 -998.646 -1975.81
2014.8 -981.976 -1988.57
2014.8 -981.976 -1988.57
1988.09 -965.461 -2001.66
1988.09 -965.461 -2001.66
1962.05 -949.1 -2015.07
1962.05 -949.1 -2015.07
1936.69 -932.893 -2028.81
1936.69 -932.893 -2028.81
1912 -916.841 -2042.87
1912 -916.841 -2042.87
1887.99 -900.943 -2057.25
1887.99 -900.943 -2057.25
1864.65 -885.2 -2071.96
1864.65 -885.2 -2071.96
1841.98 -869.61 -2086.99
1841.98 -869.61 -2086.99
1819.99 -854.176 -2102.35
1819.99 -854.176 -2102.35
1798.67 -838.895 -2118.03
1798.67 -838.895 -2118.03
1778.02 -823.769 -2134.03
1778.02 -823.769 -2134.03
1758.05 -808.798 -2150.36
1758.05 -808.798 -2150.36
1738.75 -793.98 -2167.01
1738.75 -793.98 -2167.01
1720.13 -779.318 -2183.99
1720.13 -779.318 -2183.99
1702.17 -764.809 -2201.28
1702.17 -764.809 -2201.28
1684.9 -750.455 -2218.91
1684.9 -750.455 -2218.91
1668.29 -736.255 -2236.85
1668.29 -736.255 -2236.85
1652.36 -722.21 -2255.12
1652.36 -722.21 -2255.12
1637.11 -708.319 -2273.72
1637.11 -708.319 -2273.72
1622.52 -694.582 -2292.64
1622.52 -694.582 -2292.64
1608.62 -681 -2311.88
1608.62 -681 -2311.88
1630.67 -673.558 -2325.21
1630.67 -673.558 -2325.21
1652.8 -666.431 -2337.29
1652.8 -666.431 -2337.29
1675 -659.617 -2348.1
1675 -659.617 -2348.1
1697.27 -653.118 -2357.65
1697.27 -653.118 -2357.65
1719.61 -646.933 -2365.93
1719.61 -646.933 -2365.93
1742.03 -641.062 -2372.95
1742.03 -641.062 -2372.95
1764.51 -635.505 -2378.71
1764.51 -635.505 -2378.71
1787.07 -630.262 -2383.21
1787.07 -630.262 -2383.21
1809.7 -625.334 -2386.44
1809.7 -625.334 -2386.44
1832.4 -620.719 -2388.41
1832.4 -620.719 -2388.41
1855.17 -616.419 -2389.12
1855.17 -616.419 -2389.12
1878.02 -612.433 -2388.57
1878.02 -612.433 -2388.57
1900.93 -608.761 -2386.75
1900.93 -608.761 -2386.75
1923.92 -605.404 -2383.67
1923.92 -605.404 -2383.67
1946.98 -602.36 -2379.33
1946.98 -602.36 -2379.33
1970.11 -599.631 -2373.72
1970.11 -599.631 -2373.72
1993.31 -597.216 -2366.85
1993.31 -597.216 -2366.85
2016.59 -595.115 -2358.72
2016.59 -595.115 -2358.72
2039.93 -593.328 -2349.33
2039.93 -593.328 -2349.33
2063.35 -591.855 -2338.67
2063.35 -591.855 -2338.67
2086.84 -590.696 -2326.75
2086.84 -590.696 -2326.75
2110.4 -589.852 -2313.57
2110.4 -589.852 -2313.57
2134.03 -589.322 -2299.12
2134.03 -589.322 -2299.12
2157.73 -589.106 -2283.41
2157.73 -589.106 -2283.41
2181.51 -589.204 -2266.44
2181.51 -589.204 -2266.44
2205.35 -589.616 -2248.21
2205.35 -589.616 -2248.21
2229.27 -590.343 -2228.71
2229.27 -590.343 -2228.71
2253.26 -591.383 -2207.95
2253.26 -591.383 -2207.95
2277.32 -592.738 -2185.93
2277.32 -592.738 -2185.93
2301.46 -594.407 -2162.64
2301.46 -594.407 -2162.64
2294.6 -596.178 -2139.5
2294.6 -596.178 -2139.5
2286.42 -598.262 -2116.82
2286.42 -598.262 -2116.82
2276.92 -600.658 -2094.59
2276.92 -600.658 -2094.59
2266.08 -603.369 -2072.82
2266.08 -603.369 -2072.82
2253.92 -606.392 -2051.5
2253.92 -606.392 -2051.5
2240.43 -609.728 -2030.64
2240.43 -609.728 -2030.64
2225.61 -613.377 -2010.24
2225.61 -613.377 -2010.24
2209.46 -617.339 -1990.29
2209.46 -617.339 -1990.29
2191.99 -621.615 -1970.8
2191.99 -621.615 -1970.8
2173.19 -626.203 -1951.77
2173.19 -626.203 -1951.77
2153.06 -631.105 -1933.19
2153.06 -631.105 -1933.19
2131.6 -636.319 -1915.07
2131.6 -636.319 -1915.07
2108.82 -641.847 -1897.41
2108.82 -641.847 -1897.41
2084.71 -647.688 -1880.2
2084.71 -647.688 -1880.2
2059.27 -653.841 -1863.45
2059.27 -653.841 -1863.45
2032.5 -660.308 -1847.16
2032.5 -660.308 -1847.16
2004.41 -667.088 -1831.32
2004.41 -667.088 -1831.32
1974.98 -674.181 -1815.94
1974.98 -674.181 -1815.94
1944.23 -681.588 -1801.01
1944.23 -681.588 -1801.01
1912.16 -689.307 -1786.54
1912.16 -689.307 -1786.54
1878.75 -697.339 -1772.53
1878.75 -697.339 -1772.53
1844.02 -705.684 -1758.97
1844.02 -705.684 -1758.97
1807.96 -714.343 -1745.87
1807.96 -714.343 -1745.87
1770.57 -723.314 -1733.23
1770.57 -723.314 -1733.23
1731.86 -732.599 -1721.04
1731.86 -732.599 -1721.04
1691.81 -742.197 -1709.31
1691.81 -742.197 -1709.31
1650.44 -752.107 -1698.04
1650.44 -752.107 -1698.04
1607.75 -762.331 -1687.22
1607.75 -762.331 -1687.22
1563.72 -772.868 -1676.86
1563.72 -772.868 -1676.86
1518.37 -783.718 -1666.96
1518.37 -783.718 -1666.96
1519.17 -782.908 -1640.16
1519.17 -782.908 -1640.16
1520.79 -781.908 -1613.85
1520.79 -781.908 -1613.85
1523.24 -780.717 -1588.02
1523.24 -780.717 -1588.02
1526.51 -779.336 -1562.68
1526.51 -779.336 -1562.68
1530.61 -777.764 -1537.83
1530.61 -777.764 -1537.83
1535.53 -776.002 -1513.47
1535.53 -776.002 -1513.47
1541.27 -774.049 -1489.59
1541.27 -774.049 -1489.59
1547.83 -771.906 -1466.2
1547.83 -771.906 -1466.2
1555.22 -769.572 -1443.29
1555.22 -769.572 -1443.29
1563.44 -767.047 -1420.88
1563.44 -767.047 -1420.88
1572.47 -764.332 -1398.94
1572.47 -764.332 -1398.94
1582.33 -761.426 -1377.5
1582.33 -761.426 -1377.5
1593.02 -758.33 -1356.54
1593.02 -758.33 -1356.54
1604.52 -755.043 -1336.07
1604.52 -755.043 -1336.07
1616.85 -751.566 -1316.09
1616.85 -751.566 -1316.09
1630.01 -747.898 -1296.59
1630.01 -747.898 -1296.59
1643.99 -744.04 -1277.58
1643.99 -744.04 -1277.58
1658.79 -739.991 -1259.05
1658.79 -739.991 -1259.05
1674.41 -735.751 -1241.02
1674.41 -735.751 -1241.02
1690.86 -731.321 -1223.47
1690.86 -731.321 -1223.47
1708.14 -726.7 -1206.4
1708.14 -726.7 -1206.4
1726.23 -721.889 -1189.83
1726.23 -721.889 -1189.83
1745.15 -716.887 -1173.73
1745.15 -716.887 -1173.73
1764.9 -711.695 -1158.13
1764.9 -711.695 -1158.13
1785.46 -706.312 -1143.01
1785.46 -706.312 -1143.01
1806.85 -700.739 -1128.38
1806.85 -700.739 -1128.38
1829.07 -694.975 -1114.24
1829.07 -694.975 -1114.24
1852.1 -689.02 -1100.58
1852.1 -689.02 -1100.58
1875.97 -682.875 -1087.41
1875.97 -682.875 -1087.41
1900.65 -676.54 -1074.73
1900.65 -676.54 -1074.73
1931.74 -667.886 -1070.4
1931.74 -667.886 -1070.4
1962.03 -659.61 -1067.2
1962.03 -659.61 -1067.2
1991.5 -651.709 -1065.14
1991.5 -651.709 -1065.14
2020.16 -644.186 -1064.2
2020.16 -644.186 -1064.2
2048.01 -637.038 -1064.4
2048.01 -637.038 -1064.4
2075.04 -630.268 -1065.73
2075.04 -630.268 -1065.73
2101.27 -623.873 -1068.2
2101.27 -623.873 -1068.2
2126.68 -617.855 -1071.8
2126.68 -617.855 -1071.8
2151.28 -612.214 -1076.53
2151.28 -612.214 -1076.53
2175.07 -606.949 -1082.39
2175.07 -606.949 -1082.39
2198.05 -602.06 -1089.39
2198.05 -602.06 -1089.39
2220.22 -597.548 -1097.51
2220.22 -597.548 -1097.51
2241.58 -593.413 -1106.78
2241.58 -593.413 -1106.78
2262.12 -589.654 -1117.17
2262.12 -589.654 -1117.17
2281.85 -586.271 -1128.7
2281.85 -586.271 -1128.7
2300.77 -583.265 -1141.35
2300.77 -583.265 -1141.35
2318.88 -580.635 -1155.15
2318.88 -580.635 -1155.15
2336.18 -578.382 -1170.07
2336.18 -578.382 -1170.07
2352.67 -576.505 -1186.13
2352.67 -576.505 -1186.13
2368.34 -575.005 -1203.32
2368.34 -575.005 -1203.32
2383.2 -573.881 -1221.64
2383.2 -573.881 -1221.64
2397.26 -573.134 -1241.1
2397.26 -573.134 -1241.1
2410.5 -572.763 -1261.68
2410.5 -572.763 -1261.68
2422.92 -572.769 -1283.4
2422.92 -572.769 -1283.4
2434.54 -573.151 -1306.26
2434.54 -573.151 -1306.26
2445.35 -573.91 -1330.24
2445.35 -573.91 -1330.24
2455.34 -575.045 -1355.36
2455.34 -575.045 -1355.36
2464.52 -576.557 -1381.61
2464.52 -576.557 -1381.61
2472.89 -578.445 -1409
2472.89 -578.445 -1409
2480.45 -580.709 -1437.52
2480.45 -580.709 -1437.52
2466.05 -588.722 -1505.44
2466.05 -588.722 -1505.44
2451.16 -596.468 -1571.3
2451.16 -596.468 -1571.3
2435.79 -603.948 -1635.08
2435.79 -603.948 -1635.08
2419.93 -611.16 -1696.78
2419.93 -611.16 -1696.78
2403.59 -618.105 -1756.41
2403.59 -618.105 -1756.41
2386.77 -624.783 -1813.97
2386.77 -624.783 -1813.97
2369.47 -631.195 -1869.45
2369.47 -631.195 -1869.45
2351.68 -637.339 -1922.86
2351.68 -637.339 -1922.86
2333.41 -643.216 -1974.2
2333.41 -643.216 -1974.2
2314.66 -648.827 -2023.46
2314.66 -648.827 -2023.46
2295.42 -654.17 -2070.64
2295.42 -654.17 -2070.64
2275.7 -659.247 -2115.75
2275.7 -659.247 -2115.75
2255.5 -664.056 -2158.79
2255.5 -664.056 -2158.79
2234.81 -668.599 -2199.75
2234.81 -668.599 -2199.75
2213.64 -672.874 -2238.64
2213.64 -672.874 -2238.64
2191.99 -676.883 -2275.45
2191.99 -676.883 -2275.45
2169.85 -680.625 -2310.19
2169.85 -680.625 -2310.19
2147.23 -684.099 -2342.85
2147.23 -684.099 -2342.85
2124.13 -687.307 -2373.45
2124.13 -687.307 -2373.45
2100.55 -690.248 -2401.96
2100.55 -690.248 -2401.96
2076.48 -692.922 -2428.4
2076.48 -692.922 -2428.4
2051.93 -695.329 -2452.77
2051.93 -695.329 -2452.77
2026.89 -697.469 -2475.06
2026.89 -697.469 -2475.06
2001.38 -699.342 -2495.28
2001.38 -699.342 -2495.28
1975.38 -700.948 -2513.43
1975.38 -700.948 -2513.43
1948.89 -702.287 -2529.5
1948.89 -702.287 -2529.5
1921.93 -703.359 -2543.49
1921.93 -703.359 -2543.49
1894.48 -704.164 -2555.41
1894.48 -704.164 -2555.41
1866.54 -704.702 -2565.26
1866.54 -704.702 -2565.26
1838.13 -704.973 -2573.03
1838.13 -704.973 -2573.03
1838.55 -740.936 -2530.84
1838.55 -740.936 -2530.84
1839.59 -776.166 -2488.65
1839.59 -776.166 -2488.65
1841.25 -810.663 -2446.45
1841.25 -810.663 -2446.45
1843.53 -844.429 -2404.25
1843.53 -844.429 -2404.25
1846.42 -877.461 -2362.05
1846.42 -877.461 -2362.05
1849.93 -909.761 -2319.84
1849.93 -909.761 -2319.84
1854.06 -941.329 -2277.63
1854.06 -941.329 -2277.63
1858.8 -972.164 -2235.42
1858.8 -972.164 -2235.42
1864.17 -1002.27 -2193.2
1864.17 -1002.27 -2193.2
1870.15 -1031.64 -2150.98
1870.15 -1031.64 -2150.98
1876.74 -1060.27 -2108.76
1876.74 -1060.27 -2108.76
1883.96 -1088.18 -2066.53
1883.96 -1088.18 -2066.53
1891.79 -1115.35 -2024.3
1891.79 -1115.35 -2024.3
1900.24 -1141.79 -1982.07
1900.24 -1141.79 -1982.07
1909.3 -1167.5 -1939.83
1909.3 -1167.5 -1939.83
1918.99 -1192.47 -1897.6
1918.99 -1192.47 -1897.6
1929.29 -1216.72 -1855.35
1929.29 -1216.72 -1855.35
1940.21 -1240.23 -1813.11
1940.21 -1240.23 -1813.11
1951.74 -1263.01 -1770.86
1951.74 -1263.01 -1770.86
1963.89 -1285.05 -1728.61
1963.89 -1285.05 -1728.61
1976.66 -1306.36 -1686.35
1976.66 -1306.36 -1686.35
1990.05 -1326.94 -1644.09
1990.05 -1326.94 -1644.09
2004.05 -1346.79 -1601.83
2004.05 -1346.79 -1601.83
2018.67 -1365.91 -1559.57
2018.67 -1365.91 -1559.57
2033.91 -1384.29 -1517.3
2033.91 -1384.29 -1517.3
2049.77 -1401.94 -1475.03
2049.77 -1401.94 -1475.03
2066.24 -1418.86 -1432.75
2066.24 -1418.86 -1432.75
2083.33 -1435.04 -1390.47
2083.33 -1435.04 -1390.47
2101.04 -1450.49 -1348.19
2101.04 -1450.49 -1348.19
2119.37 -1465.21 -1305.91
2119.37 -1465.21 -1305.91
2129.59 -1448.99 -1319.5
2129.59 -1448.99 -1319.5
2139.72 -1432.42 -1333.86
2139.72 -1432.42 -1333.86
2149.76 -1415.5 -1348.97
2149.76 -1415.5 -1348.97
2159.7 -1398.23 -1364.86
2159.7 -1398.23 -1364.86
2169.55 -1380.61 -1381.5
2169.55 -1380.61 -1381.5
2179.3 -1362.64 -1398.91
2179.3 -1362.64 -1398.91
2188.96 -1344.32 -1417.08
2188.96 -1344.32 -1417.08
2198.53 -1325.66 -1436.01
2198.53 -1325.66 -1436.01
2208 -1306.64 -1455.71
2208 -1306.64 -1455.71
2217.38 -1287.28 -1476.17
2217.38 -1287.28 -1476.17
2226.66 -1267.56 -1497.39
2226.66 -1267.56 -1497.39
2235.85 -1247.5 -1519.37
2235.85 -1247.5 -1519.37
2244.95 -1227.09 -1542.12
2244.95 -1227.09 -1542.12
2253.95 -1206.33 -1565.63
2253.95 -1206.33 -1565.63
2262.86 -1185.22 -1589.9
2262.86 -1185.22 -1589.9
2271.67 -1163.76 -1614.94
2271.67 -1163.76 -1614.94
2280.39 -1141.96 -1640.74
2280.39 -1141.96 -1640.74
2289.01 -1119.8 -1667.3
2289.01 -1119.8 -1667.3
2297.55 -1097.29 -1694.63
2297.55 -1097.29 -1694.63
2305.98 -1074.44 -1722.71
2305.98 -1074.44 -1722.71
2314.33 -1051.24 -1751.56
2314.33 -1051.24 -1751.56
2322.58 -1027.68 -1781.18
2322.58 -1027.68 -1781.18
2330.73 -1003.78 -1811.55
2330.73 -1003.78 -1811.55
2338.79 -979.533 -1842.69
2338.79 -979.533 -1842.69
2346.76 -954.933 -1874.59
2346.76 -954.933 -1874.59
2354.63 -929.985 -1907.26
2354.63 -929.985 -1907.26
2362.41 -904.687 -1940.69
2362.41 -904.687 -1940.69
2370.1 -879.041 -1974.88
2370.1 -879.041 -1974.88
2377.69 -853.045 -2009.83
2377.69 -853.045 -2009.83
2385.19 -826.701 -2045.55
2385.19 -826.701 -2045.55
2357.01 -801.697 -2079.19
2357.01 -801.697 -2079.19
2329.07 -777.324 -2110.9
2329.07 -777.324 -2110.9
2301.37 -753.58 -2140.69
2301.37 -753.58 -2140.69
2273.92 -730.466 -2168.55
2273.92 -730.466 -2168.55
2246.7 -707.982 -2194.48
2246.7 -707.982 -2194.48
2219.74 -686.127 -2218.48
2219.74 -686.127 -2218.48
2193.01 -664.903 -2240.55
2193.01 -664.903 -2240.55
2166.52 -644.308 -2260.69
2166.52 -644.308 -2260.69
2140.28 -624.343 -2278.91
2140.28 -624.343 -2278.91
2114.28 -605.008 -2295.19
2114.28 -605.008 -2295.19
2088.52 -586.302 -2309.55
2088.52 -586.302 -2309.55
2063 -568.227 -2321.98
2063 -568.227 -2321.98
2037.73 -550.781 -2332.48
2037.73 -550.781 -2332.48
2012.7 -533.965 -2341.05
2012.7 -533.965 -2341.05
1987.91 -517.779 -2347.7
1987.91 -517.779 -2347.7
1963.36 -502.222 -2352.41
1963.36 -502.222 -2352.41
1939.06 -487.296 -2355.2
1939.06 -487.296 -2355.2
1914.99 -472.999 -2356.06
1914.99 -472.999 -2356.06
1891.17 -459.332 -2354.99
1891.17 -459.332 -2354.99
1867.59 -446.295 -2351.99
1867.59 -446.295 -2351.99
1844.26 -433.888 -2347.06
1844.26 -433.888 -2347.06
1821.16 -422.11 -2340.21
1821.16 -422.11 -2340.21
1798.31 -410.962 -2331.42
1798.31 -410.962 -2331.42
1775.7 -400.444 -2320.71
1775.7 -400.444 -2320.71
1753.33 -390.556 -2308.07
1753.33 -390.556 -2308.07
1731.21 -381.298 -2293.5
1731.21 -381.298 -2293.5
1709.33 -372.669 -2277
1709.33 -372.669 -2277
1687.69 -364.671 -2258.57
1687.69 -364.671 -2258.57
1666.29 -357.302 -2238.22
1666.29 -357.302 -2238.22
1645.13 -350.563 -2215.93
1645.13 -350.563 -2215.93
1643.17 -359.114 -2149.31
1643.17 -359.114 -2149.31
1640.96 -366.865 -2085
1640.96 -366.865 -2085
1638.5 -373.815 -2022.99
1638.5 -373.815 -2022.99
1635.79 -379.964 -1963.29
1635.79 -379.964 -1963.29
1632.83 -385.311 -1905.89
1632.83 -385.311 -1905.89
1629.62 -389.857 -1850.8
1629.62 -389.857 -1850.8
1626.15 -393.603 -1798.02
1626.15 -393.603 -1798.02
1622.44 -396.547 -1747.54
1622.44 -396.547 -1747.54
1618.47 -398.69 -1699.36
1618.47 -398.69 -1699.36
1614.26 -400.032 -1653.5
1614.26 -400.032 -1653.5
1609.79 -400.573 -1609.93
1609.79 -400.573 -1609.93
1605.08 -400.313 -1568.68
1605.08 -400.313 -1568.68
1600.11 -399.251 -1529.72
1600.11 -399.251 -1529.72
1594.89 -397.389 -1493.08
1594.89 -397.389 -1493.08
1589.42 -394.725 -1458.74
1589.42 -394.725 -1458.74
1583.7 -391.261 -1426.71
1583.7 -391.261 -1426.71
1577.73 -386.995 -1396.98
1577.73 -386.995 -1396.98
1571.5 -381.928 -1369.55
1571.5 -381.928 -1369.55
1565.03 -376.061 -1344.44
1565.03 -376.061 -1344.44
1558.31 -369.392 -1321.63
1558.31 -369.392 -1321.63
1551.33 -361.922 -1301.12
1551.33 -361.922 -1301.12
1544.11 -353.65 -1282.92
1544.11 -353.65 -1282.92
1536.63 -344.578 -1267.03
1536.63 -344.578 -1267.03
1528.9 -334.705 -1253.44
1528.9 -334.705 -1253.44
1520.93 -324.03 -1242.16
1520.93 -324.03 -1242.16
1512.7 -312.555 -1233.18
1512.7 -312.555 -1233.18
1504.22 -300.278 -1226.51
1504.22 -300.278 -1226.51
1495.49 -287.2 -1222.14
1495.49 -287.2 -1222.14
1486.51 -273.321 -1220.08
1486.51 -273.321 -1220.08
1477.28 -258.641 -1220.33
1477.28 -258.641 -1220.33
1521.32 -282.453 -1197.56
1521.32 -282.453 -1197.56
1563.34 -306.608 -1176.12
1563.34 -306.608 -1176.12
1603.33 -331.108 -1155.99
1603.33 -331.108 -1155.99
1641.29 -355.952 -1137.19
1641.29 -355.952 -1137.19
1677.23 -381.14 -1119.71
1677.23 -381.14 -1119.71
1711.14 -406.672 -1103.55
1711.14 -406.672 -1103.55
1743.02 -432.548 -1088.71
1743.02 -432.548 -1088.71
1772.87 -458.769 -1075.19
1772.87 -458.769 -1075.19
1800.7 -485.333 -1063
1800.7 -485.333 -1063
1826.5 -512.242 -1052.12
1826.5 -512.242 -1052.12
1850.27 -539.495 -1042.56
1850.27 -539.495 -1042.56
1872.02 -567.092 -1034.33
1872.02 -567.092 -1034.33
1891.74 -595.034 -1027.42
1891.74 -595.034 -1027.42
1909.43 -623.319 -1021.83
1909.43 -623.319 -1021.83
1925.09 -651.949 -1017.56
1925.09 -651.949 -1017.56
1938.73 -680.923 -1014.61
1938.73 -680.923 -1014.61
1950.34 -710.241 -1012.98
1950.34 -710.241 -1012.98
1959.92 -739.903 -1012.67
1959.92 -739.903 -1012.67
1967.48 -769.909 -1013.68
1967.48 -769.909 -1013.68
1973.01 -800.26 -1016.02
1973.01 -800.26 -1016.02
1976.51 -830.955 -1019.67
1976.51 -830.955 -1019.67
1977.98 -861.994 -1024.65
1977.98 -861.994 -1024.65
1977.43 -893.377 -1030.95
1977.43 -893.377 -1030.95
1974.85 -925.104 -1038.57
1974.85 -925.104 -1038.57
1970.24 -957.175 -1047.51
1970.24 -957.175 -1047.51
1963.61 -989.591 -1057.77
1963.61 -989.591 -1057.77
1954.95 -1022.35 -1069.35
1954.95 -1022.35 -1069.35
1944.26 -1055.45 -1082.26
1944.26 -1055.45 -1082.26
1931.54 -1088.9 -1096.48
1931.54 -1088.9 -1096.48
1916.8 -1122.69 -1112.03
1916.8 -1122.69 -1112.03
1902.17 -1133.41 -1168.19
1902.17 -1133.41 -1168.19
1888.73 -1143.76 -1223.25
1888.73 -1143.76 -1223.25
1876.48 -1153.75 -1277.19
1876.48 -1153.75 -1277.19
1865.42 -1163.38 -1330.02
1865.42 -1163.38 -1330.02
1855.56 -1172.65 -1381.73
1855.56 -1172.65 -1381.73
1846.89 -1181.56 -1432.32
1846.89 -1181.56 -1432.32
1839.41 -1190.11 -1481.81
1839.41 -1190.11 -1481.81
1833.13 -1198.3 -1530.18
1833.13 -1198.3 -1530.18
1828.03 -1206.13 -1577.43
1828.03 -1206.13 -1577.43
1824.13 -1213.6 -1623.57
1824.13 -1213.6 -1623.57
1821.42 -1220.71 -1668.6
1821.42 -1220.71 -1668.6
1819.91 -1227.47 -1712.51
1819.91 -1227.47 -1712.51
1819.58 -1233.86 -1755.31
1819.58 -1233.86 -1755.31
1820.45 -1239.89 -1796.99
1820.45 -1239.89 -1796.99
1822.51 -1245.56 -1837.56
1822.51 -1245.56 -1837.56
1825.76 -1250.87 -1877.02
1825.76 -1250.87 -1877.02
1830.21 -1255.82 -1915.36
1830.21 -1255.82 -1915.36
1835.84 -1260.41 -1952.59
1835.84 -1260.41 -1952.59
1842.67 -1264.64 -1988.7
1842.67 -1264.64 -1988.7
1850.7 -1268.51 -2023.7
1850.7 -1268.51 -2023.7
1859.91 -1272.02 -2057.58
1859.91 -1272.02 -2057.58
1870.31 -1275.17 -2090.35
1870.31 -1275.17 -2090.35
1881.91 -1277.96 -2122.01
1881.91 -1277.96 -2122.01
1894.7 -1280.39 -2152.55
1894.7 -1280.39 -2152.55
1908.69 -1282.46 -2181.98
1908.69 -1282.46 -2181.98
1923.86 -1284.17 -2210.29
1923.86 -1284.17 -2210.29
1940.23 -1285.52 -2237.49
1940.23 -1285.52 -2237.49
1957.79 -1286.51 -2263.58
1957.79 -1286.51 -2263.58
1976.54 -1287.14 -2288.55
1976.54 -1287.14 -2288.55
1996.48 -1287.41 -2312.4
1996.48 -1287.41 -2312.4
2027.52 -1295.1 -2244.27
2027.52 -1295.1 -2244.27
2056.47 -1302.55 -2177.72
2056.47 -1302.55 -2177.72
2083.32 -1309.78 -2112.76
2083.32 -1309.78 -2112.76
2108.07 -1316.77 -2049.37
2108.07 -1316.77 -2049.37
2130.73 -1323.54 -1987.57
2130.73 -1323.54 -1987.57
2151.29 -1330.08 -1927.35
2151.29 -1330.08 -1927.35
2169.76 -1336.38 -1868.72
2169.76 -1336.38 -1868.72
2186.13 -1342.46 -1811.67
2186.13 -1342.46 -1811.67
2200.4 -1348.3 -1756.2
2200.4 -1348.3 -1756.2
2212.58 -1353.92 -1702.31
2212.58 -1353.92 -1702.31
2222.67 -1359.31 -1650.01
2222.67 -1359.31 -1650.01
2230.65 -1364.46 -1599.29
2230.65 -1364.46 -1599.29
2236.55 -1369.39 -1550.15
2236.55 -1369.39 -1550.15
2240.34 -1374.09 -1502.59
2240.34 -1374.09 -1502.59
2242.05 -1378.55 -1456.62
2242.05 -1378.55 -1456.62
2241.65 -1382.79 -1412.23
2241.65 -1382.79 -1412.23
2239.16 -1386.8 -1369.42
2239.16 -1386.8 -1369.42
2234.58 -1390.58 -1328.2
2234.58 -1390.58 -1328.2
2227.9 -1394.12 -1288.56
2227.9 -1394.12 -1288.56
2219.12 -1397.44 -1250.5
2219.12 -1397.44 -1250.5
2208.25 -1400.53 -1214.03
2208.25 -1400.53 -1214.03
2195.28 -1403.39 -1179.13
2195.28 -1403.39 -1179.13
2180.22 -1406.02 -1145.82
2180.22 -1406.02 -1145.82
2163.06 -1408.41 -1114.1
2163.06 -1408.41 -1114.1
2143.8 -1410.58 -1083.95
2143.8 -1410.58 -1083.95
2122.45 -1412.52 -1055.39
2122.45 -1412.52 -1055.39
2099.01 -1414.23 -1028.41
2099.01 -1414.23 -1028.41
2073.47 -1415.71 -1003.01
2073.47 -1415.71 -1003.01
2045.83 -1416.96 -979.202
2045.83 -1416.96 -979.202
2016.1 -1417.98 -956.972
2016.1 -1417.98 -956.972
2001.07 -1436.57 -992.459
2001.07 -1436.57 -992.459
1986.57 -1454.81 -1028.08
1986.57 -1454.81 -1028.08
1972.59 -1472.71 -1063.83
1972.59 -1472.71 -1063.83
1959.15 -1490.27 -1099.71
1959.15 -1490.27 -1099.71
1946.23 -1507.48 -1135.72
1946.23 -1507.48 -1135.72
1933.84 -1524.35 -1171.87
1933.84 -1524.35 -1171.87
1921.99 -1540.88 -1208.14
1921.99 -1540.88 -1208.14
1910.65 -1557.06 -1244.55
1910.65 -1557.06 -1244.55
1899.85 -1572.9 -1281.09
1899.85 -1572.9 -1281.09
1889.58 -1588.39 -1317.76
1889.58 -1588.39 -1317.76
1879.83 -1603.54 -1354.56
1879.83 -1603.54 -1354.56
1870.62 -1618.35 -1391.49
1870.62 -1618.35 -1391.49
1861.93 -1632.81 -1428.55
1861.93 -1632.81 -1428.55
1853.77 -1646.93 -1465.75
1853.77 -1646.93 -1465.75
1846.14 -1660.71 -1503.08
1846.14 -1660.71 -1503.08
1839.03 -1674.14 -1540.53
1839.03 -1674.14 -1540.53
1832.46 -1687.23 -1578.12
1832.46 -1687.23 -1578.12
1826.41 -1699.97 -1615.84
1826.41 -1699.97 -1615.84
1820.89 -1712.37 -1653.7
1820.89 -1712.37 -1653.7
1815.9 -1724.43 -1691.68
1815.9 -1724.43 -1691.68
1811.44 -1736.14 -1729.79
1811.44 -1736.14 -1729.79
1807.51 -1747.51 -1768.04
1807.51 -1747.51 -1768.04
1804.11 -1758.54 -1806.42
1804.11 -1758.54 -1806.42
1801.23 -1769.22 -1844.93
1801.23 -1769.22 -1844.93
1798.88 -1779.56 -1883.57
1798.88 -1779.56 -1883.57
1797.06 -1789.55 -1922.34
1797.06 -1789.55 -1922.34
1795.77 -1799.21 -1961.24
1795.77 -1799.21 -1961.24
1795.01 -1808.51 -2000.28
1795.01 -1808.51 -2000.28
1794.78 -1817.48 -2039.45
1794.78 -1817.48 -2039.45
1795.07 -1826.1 -2078.74
1795.07 -1826.1 -2078.74
1787.31 -1797.52 -2037.52
1787.31 -1797.52 -2037.52
1778.85 -1768.8 -1996.02
1778.85 -1768.8 -1996.02
1769.69 -1739.94 -1954.22
1769.69 -1739.94 -1954.22
1759.84 -1710.94 -1912.15
1759.84 -1710.94 -1912.15
1749.29 -1681.8 -1869.79
1749.29 -1681.8 -1869.79
1738.04 -1652.51 -1827.14
1738.04 -1652.51 -1827.14
1726.09 -1623.09 -1784.21
1726.09 -1623.09 -1784.21
1713.45 -1593.53 -1741
1713.45 -1593.53 -1741
1700.1 -1563.82 -1697.5
1700.1 -1563.82 -1697.5
1686.07 -1533.98 -1653.72
1686.07 -1533.98 -1653.72
1671.33 -1503.99 -1609.65
1671.33 -1503.99 -1609.65
1655.89 -1473.86 -1565.3
1655.89 -1473.86 -1565.3
1639.76 -1443.59 -1520.67
1639.76 -1443.59 -1520.67
1622.93 -1413.19 -1475.75
1622.93 -1413.19 -1475.75
1605.41 -1382.64 -1430.54
1605.41 -1382.64 -1430.54
1587.19 -1351.94 -1385.05
1587.19 -1351.94 -1385.05
1568.26 -1321.11 -1339.28
1568.26 -1321.11 -1339.28
1548.65 -1290.14 -1293.22
1548.65 -1290.14 -1293.22
1528.33 -1259.03 -1246.87
1528.33 -1259.03 -1246.87
1507.32 -1227.77 -1200.25
1507.32 -1227.77 -1200.25
1485.61 -1196.38 -1153.33
1485.61 -1196.38 -1153.33
1463.2 -1164.84 -1106.14
1463.2 -1164.84 -1106.14
1440.09 -1133.16 -1058.66
1440.09 -1133.16 -1058.66
1416.29 -1101.35 -1010.89
1416.29 -1101.35 -1010.89
1391.79 -1069.39 -962.841
1391.79 -1069.39 -962.841
1366.59 -1037.29 -914.506
1366.59 -1037.29 -914.506
1340.7 -1005.05 -865.887
1340.7 -1005.05 -865.887
1314.11 -972.667 -816.984
1314.11 -972.667 -816.984
1286.82 -940.145 -767.795
1286.82 -940.145 -767.795
1258.83 -907.482 -718.323
1258.83 -907.482 -718.323
1238.8 -896.929 -727.804
1238.8 -896.929 -727.804
1218.43 -886.019 -738.133
1218.43 -886.019 -738.133
1197.72 -874.752 -749.311
1197.72 -874.752 -749.311
1176.66 -863.128 -761.336
1176.66 -863.128 -761.336
1155.26 -851.148 -774.21
1155.26 -851.148 -774.21
1133.52 -838.812 -787.932
1133.52 -838.812 -787.932
1111.43 -826.119 -802.501
1111.43 -826.119 -802.501
1089 -813.069 -817.919
1089 -813.069 -817.919
1066.22 -799.663 -834.185
1066.22 -799.663 -834.185
1043.11 -785.9 -851.299
1043.11 -785.9 -851.299
1019.64 -771.781 -869.261
1019.64 -771.781 -869.261
995.836 -757.305 -888.071
995.836 -757.305 -888.071
971.686 -742.473 -907.729
971.686 -742.473 -907.729
947.193 -727.284 -928.235
947.193 -727.284 -928.235
922.356 -711.738 -949.59
922.356 -711.738 -949.59
897.175 -695.836 -971.792
897.175 -695.836 -971.792
871.65 -679.577 -994.843
871.65 -679.577 -994.843
845.782 -662.962 -1018.74
845.782 -662.962 -1018.74
819.57 -645.99 -1043.49
819.57 -645.99 -1043.49
793.014 -628.662 -1069.08
793.014 -628.662 -1069.08
766.115 -610.977 -1095.53
766.115 -610.977 -1095.53
738.872 -592.936 -1122.82
738.872 -592.936 -1122.82
711.286 -574.538 -1150.95
711.286 -574.538 -1150.95
683.355 -555.783 -1179.94
683.355 -555.783 -1179.94
655.081 -536.672 -1209.78
655.081 -536.672 -1209.78
626.464 -517.204 -1240.46
626.464 -517.204 -1240.46
597.503 -497.38 -1271.99
597.503 -497.38 -1271.99
568.198 -477.199 -1304.37
568.198 -477.199 -1304.37
538.549 -456.662 -1337.6
538.549 -456.662 -1337.6
508.557 -435.768 -1371.67
508.557 -435.768 -1371.67
503.989 -417.725 -1339.32
503.989 -417.725 -1339.32
500.119 -399.974 -1306.84
500.119 -399.974 -1306.84
496.949 -382.515 -1274.24
496.949 -382.515 -1274.24
494.477 -365.348 -1241.52
494.477 -365.348 -1241.52
492.703 -348.473 -1208.68
492.703 -348.473 -1208.68
491.628 -331.89 -1175.72
491.628 -331.89 -1175.72
491.251 -315.599 -1142.63
491.251 -315.599 -1142.63
491.574 -299.6 -1109.43
491.574 -299.6 -1109.43
492.594 -283.893 -1076.1
492.594 -283.893 -1076.1
494.314 -268.478 -1042.65
494.314 -268.478 -1042.65
496.732 -253.355 -1009.08
496.732 -253.355 -1009.08
499.848 -238.525 -975.383
499.848 -238.525 -975.383
503.664 -223.986 -941.568
503.664 -223.986 -941.568
508.177 -209.739 -907.631
508.177 -209.739 -907.631
513.39 -195.784 -873.573
513.39 -195.784 -873.573
519.301 -182.121 -839.394
519.301 -182.121 -839.394
525.91 -168.75 -805.092
525.91 -168.75 -805.092
533.218 -155.671 -770.669
533.218 -155.671 -770.669
541.225 -142.885 -736.125
541.225 -142.885 -736.125
549.93 -130.39 -701.459
549.93 -130.39 -701.459
559.334 -118.187 -666.671
559.334 -118.187 -666.671
569.437 -106.276 -631.762
569.437 -106.276 -631.762
580.238 -94.6576 -596.731
580.238 -94.6576 -596.731
591.738 -83.3309 -561.578
591.738 -83.3309 -561.578
603.936 -72.2962 -526.304
603.936 -72.2962 -526.304
616.833 -61.5535 -490.908
616.833 -61.5535 -490.908
630.428 -51.1028 -455.39
630.428 -51.1028 -455.39
644.722 -40.9441 -419.751
644.722 -40.9441 -419.751
659.715 -31.0774 -383.99
659.715 -31.0774 -383.99
675.406 -21.5028 -348.108
675.406 -21.5028 -348.108
649.237 -15.0142 -349.785
649.237 -15.0142 -349.785
624.52 -8.71635 -350.923
624.52 -8.71635 -350.923
601.255 -2.60916 -351.52
601.255 -2.60916 -351.52
579.441 3.30736 -351.578
579.441 3.30736 -351.578
559.08 9.03319 -351.096
559.08 9.03319 -351.096
540.17 14.5683 -350.074
540.17 14.5683 -350.074
522.712 19.9128 -348.512
522.712 19.9128 -348.512
506.706 25.0666 -346.411
506.706 25.0666 -346.411
492.152 30.0297 -343.77
492.152 30.0297 -343.77
479.05 34.8022 -340.589
479.05 34.8022 -340.589
467.4 39.3839 -336.868
467.4 39.3839 -336.868
457.201 43.775 -332.607
457.201 43.775 -332.607
448.455 47.9754 -327.807
448.455 47.9754 -327.807
441.16 51.9851 -322.467
441.16 51.9851 -322.467
435.317 55.8041 -316.587
435.317 55.8041 -316.587
430.926 59.4325 -310.167
430.926 59.4325 -310.167
427.987 62.8701 -303.207
427.987 62.8701 -303.207
426.5 66.1171 -295.708
426.5 66.1171 -295.708
426.465 69.1734 -287.669
426.465 69.1734 -287.669
427.881 72.0391 -279.09
427.881 72.0391 -279.09
430.75 74.714 -269.971
430.75 74.714 -269.971
435.07 77.1983 -260.312
435.07 77.1983 -260.312
440.842 79.4919 -250.114
440.842 79.4919 -250.114
448.066 81.5948 -239.376
448.066 81.5948 -239.376
456.742 83.507 -228.098
456.742 83.507 -228.098
466.87 85.2286 -216.28
466.87 85.2286 -216.28
478.45 86.7594 -203.922
478.45 86.7594 -203.922
491.481 88.0996 -191.025
491.481 88.0996 -191.025
505.965 89.2491 -177.588
505.965 89.2491 -177.588
521.9 90.208 -163.611
