465.041 18.4759 386.137
452.82 16.6916 383.107
452.82 16.6916 383.107
440.619 14.9028 380.023
440.619 14.9028 380.023
428.437 13.1092 376.883
428.437 13.1092 376.883
416.274 11.3111 373.688
416.274 11.3111 373.688
404.13 9.50834 370.438
404.13 9.50834 370.438
392.006 7.70095 367.134
392.006 7.70095 367.134
379.9 5.88893 363.774
379.9 5.88893 363.774
367.814 4.07227 360.359
367.814 4.07227 360.359
355.747 2.25099 356.89
355.747 2.25099 356.89
343.699 0.425075 353.365
343.699 0.425075 353.365
331.67 -1.40547 349.785
331.67 -1.40547 349.785
319.661 -3.24064 346.151
319.661 -3.24064 346.151
307.67 -5.08044 342.461
307.67 -5.08044 342.461
295.699 -6.92487 338.716
295.699 -6.92487 338.716
283.747 -8.77393 334.917
283.747 -8.77393 334.917
271.814 -10.6276 331.062
271.814 -10.6276 331.062
259.901 -12.4859 327.152
259.901 -12.4859 327.152
248.006 -14.3489 323.188
248.006 -14.3489 323.188
236.131 -16.2165 319.168
236.131 -16.2165 319.168
224.274 -18.0887 315.093
224.274 -18.0887 315.093
212.437 -19.9655 310.964
212.437 -19.9655 310.964
200.62 -21.847 306.779
200.62 -21.847 306.779
188.821 -23.7331 302.539
188.821 -23.7331 302.539
177.041 -25.6238 298.245
177.041 -25.6238 298.245
165.281 -27.5192 293.895
165.281 -27.5192 293.895
153.54 -29.4191 289.491
153.54 -29.4191 289.491
141.818 -31.3238 285.031
141.818 -31.3238 285.031
130.115 -33.233 280.516
130.115 -33.233 280.516
118.431 -35.1469 275.947
118.431 -35.1469 275.947
106.767 -37.0654 271.322
106.767 -37.0654 271.322
95.4962 -38.3228 266.822
95.4962 -38.3228 266.822
84.2572 -39.486 262.207
84.2572 -39.486 262.207
73.0499 -40.5552 257.476
73.0499 -40.5552 257.476
61.8744 -41.5303 252.63
61.8744 -41.5303 252.63
50.7305 -42.4112 247.669
50.7305 -42.4112 247.669
39.6184 -43.198 242.593
39.6184 -43.198 242.593
28.538 -43.8906 237.401
28.538 -43.8906 237.401
17.4893 -44.4892 232.094
17.4893 -44.4892 232.094
6.47235 -44.9936 226.672
6.47235 -44.9936 226.672
-4.51288 -45.404 221.134
-4.51288 -45.404 221.134
-15.4664 -45.7202 215.482
-15.4664 -45.7202 215.482
-26.3882 -45.9422 209.714
-26.3882 -45.9422 209.714
-37.2782 -46.0702 203.83
-37.2782 -46.0702 203.83
-48.1365 -46.104 197.832
-48.1365 -46.104 197.832
-58.9632 -46.0438 191.718
-58.9632 -46.0438 191.718
-69.758 -45.8894 185.489
-69.758 -45.8894 185.489
-80.5212 -45.6409 179.144
-80.5212 -45.6409 179.144
-91.2526 -45.2982 172.685
-91.2526 -45.2982 172.685
-101.952 -44.8615 166.11
-101.952 -44.8615 166.11
-112.62 -44.3306 159.42
-112.62 -44.3306 159.42
-123.257 -43.7056 152.614
-123.257 -43.7056 152.614
-133.861 -42.9865 145.693
-133.861 -42.9865 145.693
-144.434 -42.1732 138.657
-144.434 -42.1732 138.657
-154.975 -41.2659 131.506
-154.975 -41.2659 131.506
-165.484 -40.2644 124.24
-165.484 -40.2644 124.24
-175.962 -39.1688 116.858
-175.962 -39.1688 116.858
-186.408 -37.9791 109.361
-186.408 -37.9791 109.361
-196.822 -36.6952 101.748
-196.822 -36.6952 101.748
-207.205 -35.3173 94.0208
-207.205 -35.3173 94.0208
-217.555 -33.8452 86.1779
-217.555 -33.8452 86.1779
-227.01 -29.8449 76.2866
-227.01 -29.8449 76.2866
-236.884 -26.036 66.7557
-236.884 -26.036 66.7557
-247.176 -22.4186 57.585
-247.176 -22.4186 57.585
-257.886 -18.9927 48.7746
-257.886 -18.9927 48.7746
-269.014 -15.7583 40.3244
-269.014 -15.7583 40.3244
-280.56 -12.7153 32.2346
-280.56 -12.7153 32.2346
-292.525 -9.86381 24.5051
-292.525 -9.86381 24.5051
-304.908 -7.20379 17.1358
-304.908 -7.20379 17.1358
-317.709 -4.73523 10.1269
-317.709 -4.73523 10.1269
-330.928 -2.45815 3.47822
-330.928 -2.45815 3.47822
-344.566 -0.372538 -2.81015
-344.566 -0.372538 -2.81015
-358.622 1.5216 -8.73823
-358.622 1.5216 -8.73823
-373.096 3.22427 -14.306
-373.096 3.22427 -14.306
-387.988 4.73547 -19.5135
-387.988 4.73547 -19.5135
-403.299 6.0552 -24.3607
-403.299 6.0552 -24.3607
-419.028 7.18346 -28.8477
-419.028 7.18346 -28.8477
-435.175 8.12024 -32.9743
-435.175 8.12024 -32.9743
-451.74 8.86555 -36.7406
-451.74 8.86555 -36.7406
-468.724 9.4194 -40.1467
-468.724 9.4194 -40.1467
-486.126 9.78177 -43.1924
-486.126 9.78177 -43.1924
-503.946 9.95267 -45.8779
-503.946 9.95267 -45.8779
-522.184 9.9321 -48.2031
-522.184 9.9321 -48.2031
-540.841 9.72006 -50.1679
-540.841 9.72006 -50.1679
-559.916 9.31655 -51.7725
-559.916 9.31655 -51.7725
-579.409 8.72156 -53.0168
-579.409 8.72156 -53.0168
-599.32 7.93511 -53.9009
-599.32 7.93511 -53.9009
-619.65 6.95718 -54.4246
-619.65 6.95718 -54.4246
-640.398 5.78778 -54.588
-640.398 5.78778 -54.588
-661.564 4.42692 -54.3912
-661.564 4.42692 -54.3912
-683.148 2.87458 -53.834
-683.148 2.87458 -53.834
-681.081 1.66012 -51.1593
-681.081 1.66012 -51.1593
-678.67 0.34431 -48.419
-678.67 0.34431 -48.419
-675.915 -1.07285 -45.6133
-675.915 -1.07285 -45.6133
-672.816 -2.59136 -42.742
-672.816 -2.59136 -42.742
-669.372 -4.21123 -39.8053
-669.372 -4.21123 -39.8053
-665.585 -5.93244 -36.8031
-665.585 -5.93244 -36.8031
-661.454 -7.75501 -33.7354
-661.454 -7.75501 -33.7354
-656.979 -9.67893 -30.6022
-656.979 -9.67893 -30.6022
-652.159 -11.7042 -27.4035
-652.159 -11.7042 -27.4035
-646.996 -13.8308 -24.1393
-646.996 -13.8308 -24.1393
-641.488 -16.0588 -20.8097
-641.488 -16.0588 -20.8097
-635.637 -18.3881 -17.4145
-635.637 -18.3881 -17.4145
-629.441 -20.8188 -13.9539
-629.441 -20.8188 -13.9539
-622.902 -23.3508 -10.4277
-622.902 -23.3508 -10.4277
-616.018 -25.9842 -6.83612
-616.018 -25.9842 -6.83612
-608.791 -28.7189 -3.179
-608.791 -28.7189 -3.179
-601.219 -31.555 0.5436
-601.219 -31.555 0.5436
-593.303 -34.4925 4.3317
-593.303 -34.4925 4.3317
-585.044 -37.5312 8.18529
-585.044 -37.5312 8.18529
-576.44 -40.6714 12.1044
-576.44 -40.6714 12.1044
-567.492 -43.9129 16.0889
-567.492 -43.9129 16.0889
-558.201 -47.2557 20.139
-558.201 -47.2557 20.139
-548.565 -50.6999 24.2545
-548.565 -50.6999 24.2545
-538.585 -54.2454 28.4356
-538.585 -54.2454 28.4356
-528.261 -57.8923 32.6821
-528.261 -57.8923 32.6821
-517.593 -61.6406 36.9941
-517.593 -61.6406 36.9941
-506.581 -65.4902 41.3717
-506.581 -65.4902 41.3717
-495.225 -69.4411 45.8147
-495.225 -69.4411 45.8147
-483.525 -73.4934 50.3231
-483.525 -73.4934 50.3231
-471.481 -77.6471 54.8971
-471.481 -77.6471 54.8971
-455.381 -78.2105 60.8992
-455.381 -78.2105 60.8992
-439.369 -78.7269 66.9691
-439.369 -78.7269 66.9691
-423.447 -79.1963 73.1067
-423.447 -79.1963 73.1067
-407.614 -79.6187 79.3122
-407.614 -79.6187 79.3122
-391.87 -79.9942 85.5855
-391.87 -79.9942 85.5855
-376.215 -80.3226 91.9266
-376.215 -80.3226 91.9266
-360.649 -80.6041 98.3356
-360.649 -80.6041 98.3356
-345.173 -80.8385 104.812
-345.173 -80.8385 104.812
-329.785 -81.026 111.357
-329.785 -81.026 111.357
-314.487 -81.1665 117.969
-314.487 -81.1665 117.969
-299.278 -81.26 124.649
-299.278 -81.26 124.649
-284.158 -81.3065 131.397
-284.158 -81.3065 131.397
-269.127 -81.3061 138.213
-269.127 -81.3061 138.213
-254.185 -81.2586 145.097
-254.185 -81.2586 145.097
-239.332 -81.1642 152.048
-239.332 -81.1642 152.048
-224.568 -81.0227 159.067
-224.568 -81.0227 159.067
-209.894 -80.8343 166.154
-209.894 -80.8343 166.154
-195.308 -80.5989 173.309
-195.308 -80.5989 173.309
-180.812 -80.3165 180.532
-180.812 -80.3165 180.532
-166.405 -79.9871 187.822
-166.405 -79.9871 187.822
-152.087 -79.6107 195.18
-152.087 -79.6107 195.18
-137.858 -79.1873 202.607
-137.858 -79.1873 202.607
-123.718 -78.717 210.1
-123.718 -78.717 210.1
-109.667 -78.1996 217.662
-109.667 -78.1996 217.662
-95.7056 -77.6353 225.292
-95.7056 -77.6353 225.292
-81.8331 -77.024 232.989
-81.8331 -77.024 232.989
-68.0497 -76.3657 240.754
-68.0497 -76.3657 240.754
-54.3554 -75.6604 248.587
-54.3554 -75.6604 248.587
-40.7503 -74.9081 256.488
-40.7503 -74.9081 256.488
-27.2343 -74.1088 264.456
-27.2343 -74.1088 264.456
-7.11071 -67.7415 283.234
-7.11071 -67.7415 283.234
12.6064 -61.5717 301.318
12.6064 -61.5717 301.318
31.917 -55.5993 318.708
31.917 -55.5993 318.708
50.8212 -49.8243 335.405
50.8212 -49.8243 335.405
69.3188 -44.2467 351.408
69.3188 -44.2467 351.408
87.41 -38.8665 366.717
87.41 -38.8665 366.717
105.095 -33.6838 381.333
105.095 -33.6838 381.333
122.373 -28.6984 395.255
122.373 -28.6984 395.255
139.245 -23.9105 408.483
139.245 -23.9105 408.483
155.71 -19.32 421.017
155.71 -19.32 421.017
171.769 -14.9269 432.858
171.769 -14.9269 432.858
187.421 -10.7312 444.005
187.421 -10.7312 444.005
202.667 -6.73291 454.458
202.667 -6.73291 454.458
217.506 -2.93205 464.218
217.506 -2.93205 464.218
231.939 0.6714 473.284
231.939 0.6714 473.284
245.966 4.07744 481.656
245.966 4.07744 481.656
259.586 7.28605 489.334
259.586 7.28605 489.334
272.799 10.2973 496.319
272.799 10.2973 496.319
285.606 13.1111 502.61
285.606 13.1111 502.61
298.006 15.7274 508.208
298.006 15.7274 508.208
310 18.1464 513.111
310 18.1464 513.111
321.588 20.3679 517.321
321.588 20.3679 517.321
332.769 22.3921 520.838
332.769 22.3921 520.838
343.544 24.2188 523.66
343.544 24.2188 523.66
353.912 25.8481 525.789
353.912 25.8481 525.789
363.873 27.28 527.224
363.873 27.28 527.224
373.428 28.5145 527.966
373.428 28.5145 527.966
382.577 29.5516 528.013
382.577 29.5516 528.013
391.319 30.3912 527.367
391.319 30.3912 527.367
399.655 31.0334 526.028
