-555.538 491.34 209.245
-542.202 479.866 211.984
-542.202 479.866 211.984
-528.255 468.132 214.798
-528.255 468.132 214.798
-513.698 456.139 217.687
-513.698 456.139 217.687
-498.53 443.886 220.652
-498.53 443.886 220.652
-482.752 431.373 223.692
-482.752 431.373 223.692
-466.364 418.601 226.808
-466.364 418.601 226.808
-449.365 405.568 229.999
-449.365 405.568 229.999
-431.756 392.277 233.265
-431.756 392.277 233.265
-413.536 378.725 236.607
-413.536 378.725 236.607
-394.705 364.915 240.024
-394.705 364.915 240.024
-375.265 350.844 243.516
-375.265 350.844 243.516
-355.213 336.514 247.084
-355.213 336.514 247.084
-334.552 321.924 250.727
-334.552 321.924 250.727
-313.28 307.074 254.446
-313.28 307.074 254.446
-291.397 291.965 258.239
-291.397 291.965 258.239
-268.904 276.596 262.109
-268.904 276.596 262.109
-245.8 260.968 266.053
-245.8 260.968 266.053
-222.086 245.08 270.074
-222.086 245.08 270.074
-197.762 228.932 274.169
-197.762 228.932 274.169
-172.827 212.525 278.34
-172.827 212.525 278.34
-147.282 195.858 282.586
-147.282 195.858 282.586
-121.126 178.931 286.908
-121.126 178.931 286.908
-94.3594 161.745 291.304
-94.3594 161.745 291.304
-66.9826 144.299 295.777
-66.9826 144.299 295.777
-38.9954 126.594 300.324
-38.9954 126.594 300.324
-10.3977 108.629 304.947
-10.3977 108.629 304.947
18.8104 90.4039 309.646
18.8104 90.4039 309.646
48.629 71.9194 314.42
48.629 71.9194 314.42
79.0581 53.1754 319.269
79.0581 53.1754 319.269
110.098 34.1716 324.193
110.098 34.1716 324.193
144.232 29.3407 310.174
144.232 29.3407 310.174
177.291 24.8723 296.13
177.291 24.8723 296.13
209.274 20.7667 282.062
209.274 20.7667 282.062
240.181 17.0236 267.97
240.181 17.0236 267.97
270.012 13.6433 253.854
270.012 13.6433 253.854
298.768 10.6256 239.715
298.768 10.6256 239.715
326.447 7.97058 225.551
326.447 7.97058 225.551
353.05 5.67821 211.363
353.05 5.67821 211.363
378.578 3.74851 197.151
378.578 3.74851 197.151
403.029 2.18146 182.915
403.029 2.18146 182.915
426.405 0.977077 168.655
426.405 0.977077 168.655
448.705 0.135354 154.371
448.705 0.135354 154.371
469.929 -0.343711 140.063
469.929 -0.343711 140.063
490.077 -0.460115 125.73
490.077 -0.460115 125.73
509.149 -0.213857 111.374
509.149 -0.213857 111.374
527.145 0.395062 96.9942
527.145 0.395062 96.9942
544.065 1.36664 82.59
544.065 1.36664 82.59
559.91 2.70088 68.1618
559.91 2.70088 68.1618
574.678 4.39778 53.7096
574.678 4.39778 53.7096
588.371 6.45734 39.2334
588.371 6.45734 39.2334
600.988 8.87956 24.7331
600.988 8.87956 24.7331
612.529 11.6644 10.2088
612.529 11.6644 10.2088
622.993 14.812 -4.33949
622.993 14.812 -4.33949
632.382 18.3222 -18.9119
632.382 18.3222 -18.9119
640.695 22.195 -33.5082
640.695 22.195 -33.5082
647.933 26.4306 -48.1286
647.933 26.4306 -48.1286
654.094 31.0287 -62.773
654.094 31.0287 -62.773
659.179 35.9896 -77.4415
659.179 35.9896 -77.4415
663.189 41.3131 -92.1339
663.189 41.3131 -92.1339
666.122 46.9993 -106.85
666.122 46.9993 -106.85
641.283 43.648 -107.139
641.283 43.648 -107.139
616.142 40.5976 -107.525
616.142 40.5976 -107.525
590.698 37.8482 -108.007
590.698 37.8482 -108.007
564.951 35.3997 -108.586
564.951 35.3997 -108.586
538.902 33.252 -109.261
538.902 33.252 -109.261
512.55 31.4053 -110.033
512.55 31.4053 -110.033
485.896 29.8595 -110.901
485.896 29.8595 -110.901
458.94 28.6147 -111.866
458.94 28.6147 -111.866
431.68 27.6707 -112.928
431.68 27.6707 -112.928
404.119 27.0277 -114.085
404.119 27.0277 -114.085
376.255 26.6855 -115.34
376.255 26.6855 -115.34
348.088 26.6443 -116.691
348.088 26.6443 -116.691
319.619 26.904 -118.139
319.619 26.904 -118.139
290.848 27.4646 -119.683
290.848 27.4646 -119.683
261.774 28.3262 -121.324
261.774 28.3262 -121.324
232.397 29.4886 -123.061
232.397 29.4886 -123.061
202.718 30.9519 -124.895
202.718 30.9519 -124.895
172.737 32.7162 -126.825
172.737 32.7162 -126.825
142.453 34.7814 -128.852
142.453 34.7814 -128.852
111.866 37.1475 -130.975
111.866 37.1475 -130.975
80.977 39.8145 -133.195
80.977 39.8145 -133.195
49.7855 42.7824 -135.512
49.7855 42.7824 -135.512
18.2915 46.0513 -137.925
18.2915 46.0513 -137.925
-13.505 49.621 -140.435
-13.505 49.621 -140.435
-45.604 53.4917 -143.041
-45.604 53.4917 -143.041
-78.0055 57.6633 -145.743
-78.0055 57.6633 -145.743
-110.709 62.1357 -148.543
-110.709 62.1357 -148.543
-143.716 66.9092 -151.439
-143.716 66.9092 -151.439
-177.025 71.9835 -154.431
-177.025 71.9835 -154.431
-210.636 77.3587 -157.52
-210.636 77.3587 -157.52
-250.171 78.6536 -141.945
-250.171 78.6536 -141.945
-289.214 80.2857 -125.967
-289.214 80.2857 -125.967
-327.764 82.2551 -109.585
-327.764 82.2551 -109.585
-365.821 84.5618 -92.8001
-365.821 84.5618 -92.8001
-403.386 87.2057 -75.6111
-403.386 87.2057 -75.6111
-440.459 90.187 -58.0186
-440.459 90.187 -58.0186
-477.039 93.5055 -40.0225
-477.039 93.5055 -40.0225
-513.127 97.1613 -21.6227
-513.127 97.1613 -21.6227
-548.722 101.154 -2.81938
-548.722 101.154 -2.81938
-583.825 105.485 16.3876
-583.825 105.485 16.3876
-618.435 110.152 35.9981
-618.435 110.152 35.9981
-652.552 115.157 56.0123
-652.552 115.157 56.0123
-686.178 120.499 76.43
-686.178 120.499 76.43
-719.31 126.179 97.2514
-719.31 126.179 97.2514
-751.951 132.196 118.476
-751.951 132.196 118.476
-784.099 138.55 140.105
-784.099 138.55 140.105
-815.754 145.241 162.137
-815.754 145.241 162.137
-846.917 152.27 184.573
-846.917 152.27 184.573
-877.587 159.636 207.412
-877.587 159.636 207.412
-907.765 167.339 230.655
-907.765 167.339 230.655
-937.451 175.379 254.302
-937.451 175.379 254.302
-966.644 183.757 278.352
-966.644 183.757 278.352
-995.344 192.472 302.806
-995.344 192.472 302.806
-1023.55 201.524 327.663
-1023.55 201.524 327.663
-1051.27 210.914 352.924
-1051.27 210.914 352.924
-1078.49 220.641 378.589
-1078.49 220.641 378.589
-1105.22 230.705 404.657
-1105.22 230.705 404.657
-1131.46 241.106 431.128
-1131.46 241.106 431.128
-1157.21 251.845 458.004
-1157.21 251.845 458.004
-1182.46 262.921 485.283
-1182.46 262.921 485.283
-1175.43 262.801 494.22
-1175.43 262.801 494.22
-1166.98 262.44 503.536
-1166.98 262.44 503.536
-1157.09 261.839 513.231
-1157.09 261.839 513.231
-1145.78 260.997 523.306
-1145.78 260.997 523.306
-1133.03 259.915 533.759
-1133.03 259.915 533.759
-1118.86 258.593 544.591
-1118.86 258.593 544.591
-1103.25 257.03 555.802
-1103.25 257.03 555.802
-1086.22 255.227 567.393
-1086.22 255.227 567.393
-1067.76 253.183 579.362
-1067.76 253.183 579.362
-1047.86 250.899 591.71
-1047.86 250.899 591.71
-1026.54 248.374 604.438
-1026.54 248.374 604.438
-1003.79 245.609 617.544
-1003.79 245.609 617.544
-979.607 242.604 631.029
-979.607 242.604 631.029
-953.996 239.358 644.894
-953.996 239.358 644.894
-926.956 235.872 659.137
-926.956 235.872 659.137
-898.485 232.145 673.76
-898.485 232.145 673.76
-868.586 228.178 688.761
-868.586 228.178 688.761
-837.256 223.97 704.142
-837.256 223.97 704.142
-804.498 219.522 719.901
-804.498 219.522 719.901
-770.309 214.833 736.04
-770.309 214.833 736.04
-734.691 209.905 752.557
-734.691 209.905 752.557
-697.643 204.735 769.454
-697.643 204.735 769.454
-659.166 199.325 786.73
-659.166 199.325 786.73
-619.26 193.675 804.384
-619.26 193.675 804.384
-577.923 187.784 822.418
-577.923 187.784 822.418
-535.157 181.653 840.831
-535.157 181.653 840.831
-490.962 175.282 859.622
-490.962 175.282 859.622
-445.337 168.67 878.793
-445.337 168.67 878.793
-398.282 161.817 898.343
-398.282 161.817 898.343
-349.798 154.724 918.272
-349.798 154.724 918.272
-309.903 142.086 918.459
-309.903 142.086 918.459
-270.689 129.751 917.969
-270.689 129.751 917.969
-232.156 117.72 916.803
-232.156 117.72 916.803
-194.304 105.991 914.959
-194.304 105.991 914.959
-157.132 94.5657 912.439
-157.132 94.5657 912.439
-120.641 83.4433 909.242
-120.641 83.4433 909.242
-84.83 72.6241 905.369
-84.83 72.6241 905.369
-49.7002 62.108 900.818
-49.7002 62.108 900.818
-15.2511 51.8951 895.591
-15.2511 51.8951 895.591
18.5174 41.9852 889.687
18.5174 41.9852 889.687
51.6052 32.3785 883.106
51.6052 32.3785 883.106
84.0123 23.0749 875.849
84.0123 23.0749 875.849
115.739 14.0745 867.914
115.739 14.0745 867.914
146.785 5.37712 859.303
146.785 5.37712 859.303
177.15 -3.0171 850.015
177.15 -3.0171 850.015
206.834 -11.1082 840.05
206.834 -11.1082 840.05
235.838 -18.8962 829.408
235.838 -18.8962 829.408
264.161 -26.381 818.09
264.161 -26.381 818.09
291.803 -33.5627 806.095
291.803 -33.5627 806.095
318.765 -40.4413 793.423
318.765 -40.4413 793.423
345.046 -47.0168 780.074
345.046 -47.0168 780.074
370.646 -53.2891 766.048
370.646 -53.2891 766.048
395.566 -59.2583 751.346
395.566 -59.2583 751.346
419.805 -64.9244 735.967
419.805 -64.9244 735.967
443.363 -70.2874 719.911
443.363 -70.2874 719.911
466.241 -75.3472 703.178
466.241 -75.3472 703.178
488.438 -80.104 685.768
488.438 -80.104 685.768
509.954 -84.5576 667.682
509.954 -84.5576 667.682
530.79 -88.708 648.919
530.79 -88.708 648.919
550.945 -92.5554 629.479
550.945 -92.5554 629.479
563.37 -81.42 596.53
563.37 -81.42 596.53
575.726 -69.9792 564.841
575.726 -69.9792 564.841
588.011 -58.2328 534.412
588.011 -58.2328 534.412
600.225 -46.181 505.244
600.225 -46.181 505.244
612.37 -33.8236 477.336
612.37 -33.8236 477.336
624.443 -21.1607 450.688
624.443 -21.1607 450.688
636.447 -8.19233 425.301
636.447 -8.19233 425.301
648.38 5.08158 401.173
648.38 5.08158 401.173
660.243 18.661 378.306
660.243 18.661 378.306
672.035 32.5459 356.7
672.035 32.5459 356.7
683.757 46.7364 336.353
683.757 46.7364 336.353
695.409 61.2323 317.267
695.409 61.2323 317.267
706.99 76.0338 299.441
706.99 76.0338 299.441
718.501 91.1407 282.875
718.501 91.1407 282.875
729.942 106.553 267.569
729.942 106.553 267.569
741.312 122.271 253.524
741.312 122.271 253.524
752.612 138.295 240.738
752.612 138.295 240.738
763.842 154.624 229.213
763.842 154.624 229.213
775.001 171.258 218.949
775.001 171.258 218.949
786.09 188.198 209.944
786.09 188.198 209.944
797.109 205.444 202.2
797.109 205.444 202.2
808.057 222.995 195.716
808.057 222.995 195.716
818.934 240.851 190.492
818.934 240.851 190.492
829.742 259.013 186.529
829.742 259.013 186.529
840.479 277.481 183.825
840.479 277.481 183.825
851.146 296.254 182.382
851.146 296.254 182.382
861.742 315.333 182.2
861.742 315.333 182.2
872.268 334.717 183.277
872.268 334.717 183.277
882.724 354.406 185.615
882.724 354.406 185.615
893.109 374.402 189.212
