134.29 260.003 -532.56
132.249 257.624 -517.099
132.249 257.624 -517.099
130.177 255.231 -501.586
130.177 255.231 -501.586
128.075 252.824 -486.021
128.075 252.824 -486.021
125.941 250.403 -470.403
125.941 250.403 -470.403
123.777 247.968 -454.733
123.777 247.968 -454.733
121.582 245.52 -439.011
121.582 245.52 -439.011
119.357 243.057 -423.237
119.357 243.057 -423.237
117.1 240.58 -407.41
117.1 240.58 -407.41
114.813 238.089 -391.531
114.813 238.089 -391.531
112.495 235.584 -375.6
112.495 235.584 -375.6
110.146 233.065 -359.616
110.146 233.065 -359.616
107.767 230.532 -343.58
107.767 230.532 -343.58
105.357 227.986 -327.492
105.357 227.986 -327.492
102.916 225.425 -311.352
102.916 225.425 -311.352
100.444 222.85 -295.159
100.444 222.85 -295.159
97.9418 220.261 -278.914
97.9418 220.261 -278.914
95.4086 217.659 -262.617
95.4086 217.659 -262.617
92.8447 215.042 -246.268
92.8447 215.042 -246.268
90.25 212.411 -229.866
90.25 212.411 -229.866
87.6245 209.767 -213.412
87.6245 209.767 -213.412
84.9683 207.108 -196.906
84.9683 207.108 -196.906
82.2813 204.435 -180.348
82.2813 204.435 -180.348
79.5635 201.749 -163.737
79.5635 201.749 -163.737
76.815 199.048 -147.074
76.815 199.048 -147.074
74.0358 196.333 -130.359
74.0358 196.333 -130.359
71.2258 193.605 -113.591
71.2258 193.605 -113.591
68.385 190.862 -96.7712
68.385 190.862 -96.7712
65.5135 188.106 -79.8991
65.5135 188.106 -79.8991
62.6112 185.335 -62.9748
62.6112 185.335 -62.9748
59.6782 182.551 -45.9982
59.6782 182.551 -45.9982
53.7408 182.976 -31.689
53.7408 182.976 -31.689
48.039 183.27 -17.5525
48.039 183.27 -17.5525
42.5728 183.434 -3.58864
42.5728 183.434 -3.58864
37.3422 183.466 10.2025
37.3422 183.466 10.2025
32.3473 183.367 23.821
32.3473 183.367 23.821
27.5879 183.137 37.2669
27.5879 183.137 37.2669
23.0642 182.776 50.54
23.0642 182.776 50.54
18.776 182.284 63.6406
18.776 182.284 63.6406
14.7235 181.661 76.5684
14.7235 181.661 76.5684
10.9066 180.906 89.3236
10.9066 180.906 89.3236
7.32528 180.021 101.906
7.32528 180.021 101.906
3.97958 179.005 114.316
3.97958 179.005 114.316
0.869493 177.857 126.553
0.869493 177.857 126.553
-2.00499 176.579 138.618
-2.00499 176.579 138.618
-4.64386 175.169 150.509
-4.64386 175.169 150.509
-7.04712 173.628 162.229
-7.04712 173.628 162.229
-9.21477 171.957 173.775
-9.21477 171.957 173.775
-11.1468 170.154 185.149
-11.1468 170.154 185.149
-12.8433 168.22 196.35
-12.8433 168.22 196.35
-14.3041 166.155 207.379
-14.3041 166.155 207.379
-15.5293 163.959 218.234
-15.5293 163.959 218.234
-16.5189 161.632 228.918
-16.5189 161.632 228.918
-17.2729 159.174 239.428
-17.2729 159.174 239.428
-17.7913 156.584 249.766
-17.7913 156.584 249.766
-18.0741 153.864 259.931
-18.0741 153.864 259.931
-18.1212 151.013 269.924
-18.1212 151.013 269.924
-17.9328 148.03 279.743
-17.9328 148.03 279.743
-17.5087 144.917 289.391
-17.5087 144.917 289.391
-16.8491 141.672 298.865
-16.8491 141.672 298.865
-15.9538 138.296 308.167
-15.9538 138.296 308.167
-19.5399 140.263 320.425
-19.5399 140.263 320.425
-23.3306 142.221 332.437
-23.3306 142.221 332.437
-27.3258 144.172 344.204
-27.3258 144.172 344.204
-31.5256 146.114 355.724
-31.5256 146.114 355.724
-35.9298 148.049 366.999
-35.9298 148.049 366.999
-40.5387 149.976 378.027
-40.5387 149.976 378.027
-45.3521 151.895 388.81
-45.3521 151.895 388.81
-50.37 153.806 399.347
-50.37 153.806 399.347
-55.5925 155.709 409.639
-55.5925 155.709 409.639
-61.0195 157.604 419.684
-61.0195 157.604 419.684
-66.651 159.492 429.484
-66.651 159.492 429.484
-72.4872 161.371 439.037
-72.4872 161.371 439.037
-78.5278 163.243 448.345
-78.5278 163.243 448.345
-84.773 165.106 457.407
-84.773 165.106 457.407
-91.2227 166.962 466.223
-91.2227 166.962 466.223
-97.877 168.81 474.793
-97.877 168.81 474.793
-104.736 170.65 483.117
-104.736 170.65 483.117
-111.799 172.482 491.196
-111.799 172.482 491.196
-119.067 174.306 499.029
-119.067 174.306 499.029
-126.54 176.122 506.615
-126.54 176.122 506.615
-134.217 177.93 513.956
-134.217 177.93 513.956
-142.098 179.731 521.051
-142.098 179.731 521.051
-150.184 181.523 527.901
-150.184 181.523 527.901
-158.475 183.308 534.504
-158.475 183.308 534.504
-166.97 185.084 540.862
-166.97 185.084 540.862
-175.67 186.853 546.973
-175.67 186.853 546.973
-184.574 188.614 552.839
-184.574 188.614 552.839
-193.683 190.367 558.459
-193.683 190.367 558.459
-202.996 192.112 563.833
-202.996 192.112 563.833
-212.514 193.849 568.961
-212.514 193.849 568.961
-224.968 194.396 562.411
-224.968 194.396 562.411
-237.165 194.828 555.692
-237.165 194.828 555.692
-249.106 195.144 548.806
-249.106 195.144 548.806
-260.791 195.345 541.751
-260.791 195.345 541.751
-272.219 195.43 534.529
-272.219 195.43 534.529
-283.39 195.399 527.139
-283.39 195.399 527.139
-294.306 195.253 519.581
-294.306 195.253 519.581
-304.964 194.992 511.856
-304.964 194.992 511.856
-315.367 194.614 503.962
-315.367 194.614 503.962
-325.513 194.122 495.901
-325.513 194.122 495.901
-335.402 193.513 487.672
-335.402 193.513 487.672
-345.035 192.789 479.275
-345.035 192.789 479.275
-354.412 191.95 470.71
-354.412 191.95 470.71
-363.532 190.995 461.977
-363.532 190.995 461.977
-372.396 189.925 453.076
-372.396 189.925 453.076
-381.003 188.739 444.008
-381.003 188.739 444.008
-389.354 187.437 434.771
-389.354 187.437 434.771
-397.448 186.02 425.367
-397.448 186.02 425.367
-405.286 184.487 415.795
-405.286 184.487 415.795
-412.868 182.839 406.055
-412.868 182.839 406.055
-420.193 181.075 396.148
-420.193 181.075 396.148
-427.262 179.196 386.072
-427.262 179.196 386.072
-434.074 177.201 375.828
-434.074 177.201 375.828
-440.63 175.091 365.417
-440.63 175.091 365.417
-446.93 172.865 354.838
-446.93 172.865 354.838
-452.973 170.523 344.091
-452.973 170.523 344.091
-458.759 168.066 333.176
-458.759 168.066 333.176
-464.289 165.493 322.094
-464.289 165.493 322.094
-469.563 162.805 310.843
-469.563 162.805 310.843
-474.58 160.001 299.425
-474.58 160.001 299.425
-476.236 157.016 287.145
-476.236 157.016 287.145
-477.82 154.077 274.719
-477.82 154.077 274.719
-479.333 151.186 262.147
-479.333 151.186 262.147
-480.774 148.341 249.428
-480.774 148.341 249.428
-482.143 145.544 236.562
-482.143 145.544 236.562
-483.442 142.794 223.549
-483.442 142.794 223.549
-484.668 140.091 210.39
-484.668 140.091 210.39
-485.823 137.435 197.085
-485.823 137.435 197.085
-486.907 134.826 183.632
-486.907 134.826 183.632
-487.919 132.265 170.033
-487.919 132.265 170.033
-488.859 129.75 156.288
-488.859 129.75 156.288
-489.728 127.283 142.395
-489.728 127.283 142.395
-490.525 124.862 128.357
-490.525 124.862 128.357
-491.251 122.489 114.171
-491.251 122.489 114.171
-491.906 120.163 99.8389
-491.906 120.163 99.8389
-492.488 117.884 85.3601
-492.488 117.884 85.3601
-493 115.652 70.7347
-493 115.652 70.7347
-493.44 113.467 55.9626
-493.44 113.467 55.9626
-493.808 111.329 41.044
-493.808 111.329 41.044
-494.105 109.239 25.9786
-494.105 109.239 25.9786
-494.33 107.195 10.7667
-494.33 107.195 10.7667
-494.484 105.199 -4.59187
-494.484 105.199 -4.59187
-494.566 103.25 -20.0971
-494.566 103.25 -20.0971
-494.576 101.348 -35.7489
-494.576 101.348 -35.7489
-494.516 99.4927 -51.5474
-494.516 99.4927 -51.5474
-494.383 97.6848 -67.4925
-494.383 97.6848 -67.4925
-494.179 95.924 -83.5843
-494.179 95.924 -83.5843
-493.904 94.2104 -99.8226
-493.904 94.2104 -99.8226
-493.557 92.5438 -116.208
-493.557 92.5438 -116.208
-493.139 90.9244 -132.739
-493.139 90.9244 -132.739
-489.413 92.859 -141.28
-489.413 92.859 -141.28
-485.553 94.7318 -149.778
-485.553 94.7318 -149.778
-481.558 96.5427 -158.232
-481.558 96.5427 -158.232
-477.427 98.2918 -166.643
-477.427 98.2918 -166.643
-473.162 99.9789 -175.011
-473.162 99.9789 -175.011
-468.761 101.604 -183.335
-468.761 101.604 -183.335
-464.226 103.168 -191.616
-464.226 103.168 -191.616
-459.555 104.669 -199.854
-459.555 104.669 -199.854
-454.75 106.109 -208.049
-454.75 106.109 -208.049
-449.809 107.487 -216.2
-449.809 107.487 -216.2
-444.733 108.803 -224.308
-444.733 108.803 -224.308
-439.523 110.057 -232.373
-439.523 110.057 -232.373
-434.177 111.249 -240.395
-434.177 111.249 -240.395
-428.696 112.38 -248.373
-428.696 112.38 -248.373
-423.08 113.448 -256.308
-423.08 113.448 -256.308
-417.329 114.455 -264.2
-417.329 114.455 -264.2
-411.443 115.4 -272.048
-411.443 115.4 -272.048
-405.423 116.283 -279.853
-405.423 116.283 -279.853
-399.267 117.104 -287.615
-399.267 117.104 -287.615
-392.976 117.863 -295.334
-392.976 117.863 -295.334
-386.549 118.56 -303.009
-386.549 118.56 -303.009
-379.988 119.196 -310.641
-379.988 119.196 -310.641
-373.292 119.769 -318.23
-373.292 119.769 -318.23
-366.461 120.281 -325.776
-366.461 120.281 -325.776
-359.495 120.731 -333.278
-359.495 120.731 -333.278
-352.394 121.119 -340.737
-352.394 121.119 -340.737
-345.157 121.445 -348.153
-345.157 121.445 -348.153
-337.786 121.71 -355.526
-337.786 121.71 -355.526
-330.28 121.912 -362.855
-330.28 121.912 -362.855
-322.638 122.053 -370.141
-322.638 122.053 -370.141
-311.821 123.079 -371.012
-311.821 123.079 -371.012
-300.784 124.07 -371.918
-300.784 124.07 -371.918
-289.527 125.028 -372.859
-289.527 125.028 -372.859
-278.051 125.951 -373.835
-278.051 125.951 -373.835
-266.354 126.84 -374.846
-266.354 126.84 -374.846
-254.437 127.695 -375.892
-254.437 127.695 -375.892
-242.3 128.516 -376.973
-242.3 128.516 -376.973
-229.943 129.303 -378.089
-229.943 129.303 -378.089
-217.366 130.055 -379.239
-217.366 130.055 -379.239
-204.569 130.773 -380.425
-204.569 130.773 -380.425
-191.552 131.457 -381.645
-191.552 131.457 -381.645
-178.315 132.107 -382.9
-178.315 132.107 -382.9
-164.858 132.723 -384.191
-164.858 132.723 -384.191
-151.181 133.304 -385.516
-151.181 133.304 -385.516
-137.284 133.852 -386.876
-137.284 133.852 -386.876
-123.167 134.365 -388.271
-123.167 134.365 -388.271
-108.83 134.844 -389.701
-108.83 134.844 -389.701
-94.273 135.289 -391.166
-94.273 135.289 -391.166
-79.496 135.699 -392.665
-79.496 135.699 -392.665
-64.4989 136.076 -394.2
-64.4989 136.076 -394.2
-49.2818 136.418 -395.77
-49.2818 136.418 -395.77
-33.8447 136.726 -397.374
-33.8447 136.726 -397.374
-18.1876 137 -399.014
-18.1876 137 -399.014
-2.31043 137.24 -400.688
-2.31043 137.24 -400.688
13.7867 137.445 -402.397
13.7867 137.445 -402.397
30.1039 137.616 -404.142
30.1039 137.616 -404.142
46.641 137.754 -405.921
46.641 137.754 -405.921
63.3982 137.857 -407.735
63.3982 137.857 -407.735
80.3754 137.925 -409.584
80.3754 137.925 -409.584
97.5726 137.96 -411.468
97.5726 137.96 -411.468
109.395 135.638 -399.873
109.395 135.638 -399.873
120.808 133.38 -388.188
120.808 133.38 -388.188
131.81 131.186 -376.412
131.81 131.186 -376.412
142.401 129.057 -364.547
142.401 129.057 -364.547
152.583 126.991 -352.592
152.583 126.991 -352.592
162.354 124.99 -340.546
162.354 124.99 -340.546
171.714 123.053 -328.41
171.714 123.053 -328.41
180.665 121.18 -316.184
180.665 121.18 -316.184
189.205 119.371 -303.868
189.205 119.371 -303.868
197.334 117.627 -291.462
197.334 117.627 -291.462
205.054 115.946 -278.966
205.054 115.946 -278.966
212.363 114.33 -266.379
212.363 114.33 -266.379
219.262 112.778 -253.703
219.262 112.778 -253.703
225.75 111.289 -240.936
225.75 111.289 -240.936
231.828 109.866 -228.079
231.828 109.866 -228.079
237.496 108.506 -215.132
237.496 108.506 -215.132
242.754 107.21 -202.094
242.754 107.21 -202.094
247.601 105.979 -188.967
247.601 105.979 -188.967
252.038 104.812 -175.749
252.038 104.812 -175.749
256.064 103.708 -162.442
256.064 103.708 -162.442
259.68 102.67 -149.044
259.68 102.67 -149.044
262.886 101.695 -135.556
262.886 101.695 -135.556
265.682 100.784 -121.978
265.682 100.784 -121.978
268.067 99.9376 -108.309
268.067 99.9376 -108.309
270.042 99.1552 -94.5508
270.042 99.1552 -94.5508
271.607 98.437 -80.7021
271.607 98.437 -80.7021
272.761 97.783 -66.7633
272.761 97.783 -66.7633
273.505 97.1931 -52.7344
273.505 97.1931 -52.7344
273.839 96.6674 -38.6153
273.839 96.6674 -38.6153
273.762 96.2058 -24.406
273.762 96.2058 -24.406
270.031 94.642 -5.7227
270.031 94.642 -5.7227
266.151 93.2854 12.6766
266.151 93.2854 12.6766
262.122 92.1359 30.7919
262.122 92.1359 30.7919
257.944 91.1937 48.6232
257.944 91.1937 48.6232
253.617 90.4587 66.1704
253.617 90.4587 66.1704
249.141 89.9309 83.4336
249.141 89.9309 83.4336
244.517 89.6102 100.413
244.517 89.6102 100.413
239.744 89.4968 117.108
239.744 89.4968 117.108
234.821 89.5906 133.519
234.821 89.5906 133.519
229.75 89.8916 149.646
229.75 89.8916 149.646
224.53 90.3997 165.489
224.53 90.3997 165.489
219.162 91.1151 181.048
219.162 91.1151 181.048
213.644 92.0377 196.323
213.644 92.0377 196.323
207.978 93.1675 211.314
207.978 93.1675 211.314
202.162 94.5044 226.021
202.162 94.5044 226.021
196.198 96.0486 240.444
196.198 96.0486 240.444
190.085 97.8 254.583
190.085 97.8 254.583
183.823 99.7586 268.438
183.823 99.7586 268.438
177.412 101.924 282.009
177.412 101.924 282.009
170.853 104.297 295.296
170.853 104.297 295.296
164.144 106.878 308.299
164.144 106.878 308.299
157.287 109.665 321.017
157.287 109.665 321.017
150.281 112.659 333.452
150.281 112.659 333.452
143.126 115.861 345.603
143.126 115.861 345.603
135.822 119.27 357.469
135.822 119.27 357.469
128.369 122.886 369.052
128.369 122.886 369.052
120.767 126.71 380.351
120.767 126.71 380.351
113.017 130.74 391.365
113.017 130.74 391.365
105.117 134.978 402.096
105.117 134.978 402.096
97.069 139.423 412.543
