2400.74 -769.345 -629.871
2399.05 -764.877 -606.012
2399.05 -764.877 -606.012
2397.97 -760.352 -581.777
2397.97 -760.352 -581.777
2397.51 -755.77 -557.166
2397.51 -755.77 -557.166
2397.66 -751.129 -532.181
2397.66 -751.129 -532.181
2398.42 -746.432 -506.82
2398.42 -746.432 -506.82
2399.8 -741.676 -481.083
2399.8 -741.676 -481.083
2401.79 -736.863 -454.971
2401.79 -736.863 -454.971
2404.39 -731.993 -428.484
2404.39 -731.993 -428.484
2407.6 -727.064 -401.622
2407.6 -727.064 -401.622
2411.42 -722.079 -374.383
2411.42 -722.079 -374.383
2415.86 -717.035 -346.77
2415.86 -717.035 -346.77
2420.91 -711.934 -318.781
2420.91 -711.934 -318.781
2426.58 -706.776 -290.417
2426.58 -706.776 -290.417
2432.85 -701.56 -261.678
2432.85 -701.56 -261.678
2439.74 -696.286 -232.563
2439.74 -696.286 -232.563
2447.24 -690.954 -203.073
2447.24 -690.954 -203.073
2455.36 -685.565 -173.207
2455.36 -685.565 -173.207
2464.08 -680.119 -142.966
2464.08 -680.119 -142.966
2473.42 -674.615 -112.35
2473.42 -674.615 -112.35
2483.37 -669.053 -81.3577
2483.37 -669.053 -81.3577
2493.94 -663.434 -49.9906
2493.94 -663.434 -49.9906
2505.12 -657.757 -18.248
2505.12 -657.757 -18.248
2516.91 -652.022 13.87
2516.91 -652.022 13.87
2529.31 -646.23 46.3633
2529.31 -646.23 46.3633
2542.32 -640.381 79.232
2542.32 -640.381 79.232
2555.95 -634.473 112.476
2555.95 -634.473 112.476
2570.19 -628.508 146.096
2570.19 -628.508 146.096
2585.04 -622.486 180.09
2585.04 -622.486 180.09
2600.51 -616.406 214.461
2600.51 -616.406 214.461
2616.59 -610.268 249.206
2616.59 -610.268 249.206
2600.98 -607.418 282.941
2600.98 -607.418 282.941
2585.36 -604.385 316.832
2585.36 -604.385 316.832
2569.72 -601.168 350.88
2569.72 -601.168 350.88
2554.06 -597.768 385.085
2554.06 -597.768 385.085
2538.39 -594.184 419.446
2538.39 -594.184 419.446
2522.7 -590.417 453.963
2522.7 -590.417 453.963
2507 -586.466 488.638
2507 -586.466 488.638
2491.28 -582.332 523.468
2491.28 -582.332 523.468
2475.55 -578.015 558.456
2475.55 -578.015 558.456
2459.8 -573.514 593.599
2459.8 -573.514 593.599
2444.03 -568.829 628.9
2444.03 -568.829 628.9
2428.25 -563.961 664.357
2428.25 -563.961 664.357
2412.45 -558.91 699.97
2412.45 -558.91 699.97
2396.63 -553.675 735.74
2396.63 -553.675 735.74
2380.8 -548.257 771.667
2380.8 -548.257 771.667
2364.96 -542.655 807.75
2364.96 -542.655 807.75
2349.1 -536.87 843.99
2349.1 -536.87 843.99
2333.22 -530.902 880.387
2333.22 -530.902 880.387
2317.32 -524.75 916.94
2317.32 -524.75 916.94
2301.41 -518.414 953.649
2301.41 -518.414 953.649
2285.49 -511.895 990.515
2285.49 -511.895 990.515
2269.55 -505.193 1027.54
2269.55 -505.193 1027.54
2253.59 -498.307 1064.72
2253.59 -498.307 1064.72
2237.62 -491.238 1102.05
2237.62 -491.238 1102.05
2221.63 -483.985 1139.55
2221.63 -483.985 1139.55
2205.62 -476.549 1177.19
2205.62 -476.549 1177.19
2189.6 -468.929 1215
2189.6 -468.929 1215
2173.56 -461.126 1252.96
2173.56 -461.126 1252.96
2157.51 -453.14 1291.08
2157.51 -453.14 1291.08
2141.44 -444.97 1329.36
2141.44 -444.97 1329.36
2112.4 -433.043 1382.98
2112.4 -433.043 1382.98
2083.34 -421.208 1435.54
2083.34 -421.208 1435.54
2054.24 -409.462 1487.03
2054.24 -409.462 1487.03
2025.11 -397.807 1537.46
2025.11 -397.807 1537.46
1995.94 -386.242 1586.81
1995.94 -386.242 1586.81
1966.75 -374.767 1635.11
1966.75 -374.767 1635.11
1937.52 -363.383 1682.33
1937.52 -363.383 1682.33
1908.26 -352.089 1728.49
1908.26 -352.089 1728.49
1878.96 -340.885 1773.58
1878.96 -340.885 1773.58
1849.64 -329.772 1817.61
1849.64 -329.772 1817.61
1820.28 -318.749 1860.57
1820.28 -318.749 1860.57
1790.89 -307.817 1902.46
1790.89 -307.817 1902.46
1761.47 -296.974 1943.28
1761.47 -296.974 1943.28
1732.02 -286.223 1983.04
1732.02 -286.223 1983.04
1702.53 -275.561 2021.73
1702.53 -275.561 2021.73
1673.01 -264.99 2059.36
1673.01 -264.99 2059.36
1643.46 -254.509 2095.92
1643.46 -254.509 2095.92
1613.88 -244.118 2131.41
1613.88 -244.118 2131.41
1584.27 -233.818 2165.84
1584.27 -233.818 2165.84
1554.62 -223.608 2199.19
1554.62 -223.608 2199.19
1524.94 -213.489 2231.49
1524.94 -213.489 2231.49
1495.23 -203.46 2262.71
1495.23 -203.46 2262.71
1465.49 -193.521 2292.87
1465.49 -193.521 2292.87
1435.71 -183.672 2321.96
1435.71 -183.672 2321.96
1405.91 -173.914 2349.99
1405.91 -173.914 2349.99
1376.07 -164.246 2376.95
1376.07 -164.246 2376.95
1346.2 -154.669 2402.84
1346.2 -154.669 2402.84
1316.29 -145.181 2427.67
1316.29 -145.181 2427.67
1286.36 -135.785 2451.43
1286.36 -135.785 2451.43
1256.39 -126.478 2474.12
1256.39 -126.478 2474.12
1149.42 -141.582 2490.02
1149.42 -141.582 2490.02
1045.5 -156.565 2504.05
1045.5 -156.565 2504.05
944.623 -171.427 2516.2
944.623 -171.427 2516.2
846.793 -186.167 2526.46
846.793 -186.167 2526.46
752.01 -200.786 2534.85
752.01 -200.786 2534.85
660.273 -215.283 2541.36
660.273 -215.283 2541.36
571.581 -229.658 2546
571.581 -229.658 2546
485.936 -243.913 2548.75
485.936 -243.913 2548.75
403.337 -258.045 2549.62
403.337 -258.045 2549.62
323.784 -272.056 2548.62
323.784 -272.056 2548.62
247.277 -285.946 2545.74
247.277 -285.946 2545.74
173.816 -299.714 2540.98
173.816 -299.714 2540.98
103.401 -313.361 2534.33
103.401 -313.361 2534.33
36.0316 -326.887 2525.82
36.0316 -326.887 2525.82
-28.2913 -340.29 2515.42
-28.2913 -340.29 2515.42
-89.5683 -353.573 2503.14
-89.5683 -353.573 2503.14
-147.799 -366.734 2488.99
-147.799 -366.734 2488.99
-202.984 -379.773 2472.95
-202.984 -379.773 2472.95
-255.123 -392.691 2455.04
-255.123 -392.691 2455.04
-304.216 -405.488 2435.25
-304.216 -405.488 2435.25
-350.262 -418.163 2413.58
-350.262 -418.163 2413.58
-393.263 -430.716 2390.03
-393.263 -430.716 2390.03
-433.218 -443.148 2364.6
-433.218 -443.148 2364.6
-470.126 -455.459 2337.3
-470.126 -455.459 2337.3
-503.989 -467.648 2308.11
-503.989 -467.648 2308.11
-534.805 -479.716 2277.05
-534.805 -479.716 2277.05
-562.576 -491.662 2244.1
-562.576 -491.662 2244.1
-587.3 -503.487 2209.28
-587.3 -503.487 2209.28
-608.979 -515.19 2172.58
-608.979 -515.19 2172.58
-627.611 -526.772 2134.01
-627.611 -526.772 2134.01
-664.516 -521.802 2090.69
-664.516 -521.802 2090.69
-701.063 -516.831 2049.07
-701.063 -516.831 2049.07
-737.251 -511.86 2009.16
-737.251 -511.86 2009.16
-773.08 -506.888 1970.95
-773.08 -506.888 1970.95
-808.551 -501.916 1934.45
-808.551 -501.916 1934.45
-843.664 -496.943 1899.65
-843.664 -496.943 1899.65
-878.417 -491.97 1866.55
-878.417 -491.97 1866.55
-912.812 -486.996 1835.16
-912.812 -486.996 1835.16
-946.849 -482.022 1805.47
-946.849 -482.022 1805.47
-980.526 -477.047 1777.48
-980.526 -477.047 1777.48
-1013.85 -472.072 1751.2
-1013.85 -472.072 1751.2
-1046.81 -467.096 1726.63
-1046.81 -467.096 1726.63
-1079.41 -462.12 1703.76
-1079.41 -462.12 1703.76
-1111.65 -457.143 1682.59
-1111.65 -457.143 1682.59
-1143.54 -452.166 1663.12
-1143.54 -452.166 1663.12
-1175.06 -447.188 1645.36
-1175.06 -447.188 1645.36
-1206.23 -442.21 1629.31
-1206.23 -442.21 1629.31
-1237.04 -437.231 1614.95
-1237.04 -437.231 1614.95
-1267.49 -432.251 1602.31
-1267.49 -432.251 1602.31
-1297.58 -427.271 1591.36
-1297.58 -427.271 1591.36
-1327.32 -422.291 1582.12
-1327.32 -422.291 1582.12
-1356.69 -417.31 1574.58
-1356.69 -417.31 1574.58
-1385.71 -412.329 1568.75
-1385.71 -412.329 1568.75
-1414.37 -407.347 1564.62
-1414.37 -407.347 1564.62
-1442.66 -402.364 1562.2
-1442.66 -402.364 1562.2
-1470.61 -397.382 1561.48
-1470.61 -397.382 1561.48
-1498.19 -392.398 1562.46
-1498.19 -392.398 1562.46
-1525.41 -387.414 1565.15
-1525.41 -387.414 1565.15
-1552.28 -382.43 1569.54
-1552.28 -382.43 1569.54
-1578.78 -377.445 1575.64
-1578.78 -377.445 1575.64
-1641.17 -381.043 1585.6
-1641.17 -381.043 1585.6
-1701.61 -384.166 1595.07
-1701.61 -384.166 1595.07
-1760.11 -386.814 1604.04
-1760.11 -386.814 1604.04
-1816.66 -388.988 1612.51
-1816.66 -388.988 1612.51
-1871.28 -390.687 1620.48
-1871.28 -390.687 1620.48
-1923.94 -391.911 1627.96
-1923.94 -391.911 1627.96
-1974.67 -392.661 1634.93
-1974.67 -392.661 1634.93
-2023.45 -392.936 1641.41
-2023.45 -392.936 1641.41
-2070.29 -392.736 1647.39
-2070.29 -392.736 1647.39
-2115.18 -392.061 1652.87
-2115.18 -392.061 1652.87
-2158.13 -390.912 1657.85
-2158.13 -390.912 1657.85
-2199.14 -389.288 1662.33
-2199.14 -389.288 1662.33
-2238.2 -387.19 1666.31
-2238.2 -387.19 1666.31
-2275.32 -384.616 1669.8
-2275.32 -384.616 1669.8
-2310.5 -381.568 1672.78
-2310.5 -381.568 1672.78
-2343.73 -378.045 1675.27
-2343.73 -378.045 1675.27
-2375.02 -374.048 1677.26
-2375.02 -374.048 1677.26
-2404.37 -369.575 1678.75
-2404.37 -369.575 1678.75
-2431.77 -364.628 1679.74
-2431.77 -364.628 1679.74
-2457.23 -359.206 1680.23
-2457.23 -359.206 1680.23
-2480.74 -353.31 1680.23
-2480.74 -353.31 1680.23
-2502.31 -346.939 1679.72
-2502.31 -346.939 1679.72
-2521.94 -340.093 1678.72
-2521.94 -340.093 1678.72
-2539.62 -332.772 1677.22
-2539.62 -332.772 1677.22
-2555.36 -324.977 1675.22
-2555.36 -324.977 1675.22
-2569.16 -316.707 1672.72
-2569.16 -316.707 1672.72
-2581.01 -307.962 1669.72
-2581.01 -307.962 1669.72
-2590.92 -298.743 1666.22
-2590.92 -298.743 1666.22
-2598.89 -289.048 1662.23
-2598.89 -289.048 1662.23
-2604.91 -278.879 1657.74
-2604.91 -278.879 1657.74
-2609.15 -282.473 1617.15
-2609.15 -282.473 1617.15
-2613.09 -285.951 1577.32
-2613.09 -285.951 1577.32
-2616.75 -289.312 1538.26
-2616.75 -289.312 1538.26
-2620.12 -292.557 1499.95
-2620.12 -292.557 1499.95
-2623.2 -295.686 1462.41
-2623.2 -295.686 1462.41
-2626 -298.699 1425.63
-2626 -298.699 1425.63
-2628.51 -301.596 1389.61
-2628.51 -301.596 1389.61
-2630.73 -304.376 1354.36
-2630.73 -304.376 1354.36
-2632.66 -307.04 1319.86
-2632.66 -307.04 1319.86
-2634.3 -309.589 1286.13
-2634.3 -309.589 1286.13
-2635.66 -312.02 1253.16
-2635.66 -312.02 1253.16
-2636.73 -314.336 1220.94
-2636.73 -314.336 1220.94
-2637.51 -316.536 1189.5
-2637.51 -316.536 1189.5
-2638.01 -318.619 1158.81
-2638.01 -318.619 1158.81
-2638.22 -320.586 1128.88
-2638.22 -320.586 1128.88
-2638.14 -322.437 1099.72
-2638.14 -322.437 1099.72
-2637.77 -324.172 1071.31
-2637.77 -324.172 1071.31
-2637.11 -325.791 1043.67
-2637.11 -325.791 1043.67
-2636.17 -327.293 1016.79
-2636.17 -327.293 1016.79
-2634.94 -328.68 990.676
-2634.94 -328.68 990.676
-2633.42 -329.95 965.319
-2633.42 -329.95 965.319
-2631.62 -331.104 940.724
-2631.62 -331.104 940.724
-2629.53 -332.142 916.891
-2629.53 -332.142 916.891
-2627.15 -333.063 893.819
-2627.15 -333.063 893.819
-2624.48 -333.869 871.509
-2624.48 -333.869 871.509
-2621.52 -334.558 849.96
-2621.52 -334.558 849.96
-2618.28 -335.131 829.173
-2618.28 -335.131 829.173
-2614.75 -335.588 809.147
-2614.75 -335.588 809.147
-2610.93 -335.928 789.883
-2610.93 -335.928 789.883
-2606.83 -336.153 771.38
-2606.83 -336.153 771.38
-2597.25 -331.338 732.819
-2597.25 -331.338 732.819
-2587.83 -326.648 695.735
-2587.83 -326.648 695.735
-2578.55 -322.081 660.131
-2578.55 -322.081 660.131
-2569.43 -317.639 626.005
-2569.43 -317.639 626.005
-2560.46 -313.32 593.358
-2560.46 -313.32 593.358
-2551.64 -309.125 562.19
-2551.64 -309.125 562.19
-2542.98 -305.054 532.5
-2542.98 -305.054 532.5
-2534.46 -301.106 504.289
-2534.46 -301.106 504.289
-2526.1 -297.283 477.556
-2526.1 -297.283 477.556
-2517.89 -293.584 452.302
-2517.89 -293.584 452.302
-2509.83 -290.008 428.527
-2509.83 -290.008 428.527
-2501.92 -286.556 406.231
-2501.92 -286.556 406.231
-2494.17 -283.229 385.413
-2494.17 -283.229 385.413
-2486.56 -280.025 366.074
-2486.56 -280.025 366.074
-2479.11 -276.945 348.214
-2479.11 -276.945 348.214
-2471.81 -273.989 331.832
-2471.81 -273.989 331.832
-2464.66 -271.156 316.929
-2464.66 -271.156 316.929
-2457.67 -268.448 303.504
-2457.67 -268.448 303.504
-2450.82 -265.863 291.559
-2450.82 -265.863 291.559
-2444.13 -263.403 281.091
-2444.13 -263.403 281.091
-2437.59 -261.066 272.103
-2437.59 -261.066 272.103
-2431.2 -258.853 264.593
-2431.2 -258.853 264.593
-2424.96 -256.764 258.562
-2424.96 -256.764 258.562
-2418.87 -254.799 254.01
-2418.87 -254.799 254.01
-2412.94 -252.958 250.936
-2412.94 -252.958 250.936
-2407.16 -251.241 249.341
-2407.16 -251.241 249.341
-2401.53 -249.648 249.225
-2401.53 -249.648 249.225
-2396.05 -248.178 250.587
-2396.05 -248.178 250.587
-2390.72 -246.832 253.428
-2390.72 -246.832 253.428
-2385.55 -245.611 257.748
