1984.46 -727.375 -851.253
2002.41 -738.289 -869.021
2002.41 -738.289 -869.021
2020.01 -748.883 -887.223
2020.01 -748.883 -887.223
2037.26 -759.158 -905.859
2037.26 -759.158 -905.859
2054.16 -769.112 -924.929
2054.16 -769.112 -924.929
2070.7 -778.747 -944.433
2070.7 -778.747 -944.433
2086.9 -788.061 -964.371
2086.9 -788.061 -964.371
2102.75 -797.056 -984.742
2102.75 -797.056 -984.742
2118.25 -805.73 -1005.55
2118.25 -805.73 -1005.55
2133.4 -814.085 -1026.79
2133.4 -814.085 -1026.79
2148.2 -822.12 -1048.46
2148.2 -822.12 -1048.46
2162.65 -829.835 -1070.56
2162.65 -829.835 -1070.56
2176.75 -837.229 -1093.1
2176.75 -837.229 -1093.1
2190.49 -844.304 -1116.08
2190.49 -844.304 -1116.08
2203.89 -851.059 -1139.49
2203.89 -851.059 -1139.49
2216.94 -857.494 -1163.33
2216.94 -857.494 -1163.33
2229.64 -863.609 -1187.6
2229.64 -863.609 -1187.6
2241.99 -869.404 -1212.31
2241.99 -869.404 -1212.31
2253.99 -874.879 -1237.46
2253.99 -874.879 -1237.46
2265.64 -880.034 -1263.03
2265.64 -880.034 -1263.03
2276.94 -884.87 -1289.04
2276.94 -884.87 -1289.04
2287.89 -889.385 -1315.49
2287.89 -889.385 -1315.49
2298.49 -893.58 -1342.37
2298.49 -893.58 -1342.37
2308.74 -897.455 -1369.68
2308.74 -897.455 -1369.68
2318.64 -901.011 -1397.42
2318.64 -901.011 -1397.42
2328.19 -904.246 -1425.6
2328.19 -904.246 -1425.6
2337.39 -907.162 -1454.22
2337.39 -907.162 -1454.22
2346.24 -909.757 -1483.26
2346.24 -909.757 -1483.26
2354.74 -912.033 -1512.74
2354.74 -912.033 -1512.74
2362.89 -913.988 -1542.66
2362.89 -913.988 -1542.66
2370.68 -915.624 -1573.01
2370.68 -915.624 -1573.01
2372.64 -905.099 -1624.5
2372.64 -905.099 -1624.5
2373.84 -894.82 -1674.86
2373.84 -894.82 -1674.86
2374.28 -884.787 -1724.08
2374.28 -884.787 -1724.08
2373.97 -875.002 -1772.17
2373.97 -875.002 -1772.17
2372.89 -865.462 -1819.12
2372.89 -865.462 -1819.12
2371.05 -856.17 -1864.93
2371.05 -856.17 -1864.93
2368.46 -847.124 -1909.61
2368.46 -847.124 -1909.61
2365.11 -838.324 -1953.15
2365.11 -838.324 -1953.15
2360.99 -829.771 -1995.56
2360.99 -829.771 -1995.56
2356.12 -821.465 -2036.82
2356.12 -821.465 -2036.82
2350.49 -813.406 -2076.95
2350.49 -813.406 -2076.95
2344.1 -805.592 -2115.95
2344.1 -805.592 -2115.95
2336.96 -798.026 -2153.81
2336.96 -798.026 -2153.81
2329.05 -790.706 -2190.53
2329.05 -790.706 -2190.53
2320.38 -783.633 -2226.11
2320.38 -783.633 -2226.11
2310.96 -776.806 -2260.56
2310.96 -776.806 -2260.56
2300.78 -770.226 -2293.87
2300.78 -770.226 -2293.87
2289.83 -763.892 -2326.05
2289.83 -763.892 -2326.05
2278.13 -757.805 -2357.09
2278.13 -757.805 -2357.09
2265.67 -751.964 -2386.99
2265.67 -751.964 -2386.99
2252.45 -746.371 -2415.76
2252.45 -746.371 -2415.76
2238.48 -741.023 -2443.39
2238.48 -741.023 -2443.39
2223.74 -735.923 -2469.88
2223.74 -735.923 -2469.88
2208.25 -731.069 -2495.24
2208.25 -731.069 -2495.24
2191.99 -726.461 -2519.46
2191.99 -726.461 -2519.46
2174.98 -722.1 -2542.54
2174.98 -722.1 -2542.54
2157.21 -717.986 -2564.49
2157.21 -717.986 -2564.49
2138.68 -714.118 -2585.3
2138.68 -714.118 -2585.3
2119.39 -710.497 -2604.97
2119.39 -710.497 -2604.97
2099.34 -707.122 -2623.51
2099.34 -707.122 -2623.51
2085.37 -692.556 -2625.14
2085.37 -692.556 -2625.14
2071.47 -678.728 -2625.94
2071.47 -678.728 -2625.94
2057.65 -665.638 -2625.89
2057.65 -665.638 -2625.89
2043.9 -653.286 -2624.99
2043.9 -653.286 -2624.99
2030.22 -641.671 -2623.26
2030.22 -641.671 -2623.26
2016.62 -630.794 -2620.68
2016.62 -630.794 -2620.68
2003.09 -620.654 -2617.25
2003.09 -620.654 -2617.25
1989.64 -611.253 -2612.99
1989.64 -611.253 -2612.99
1976.26 -602.589 -2607.88
1976.26 -602.589 -2607.88
1962.95 -594.662 -2601.93
1962.95 -594.662 -2601.93
1949.72 -587.474 -2595.14
1949.72 -587.474 -2595.14
1936.56 -581.023 -2587.5
1936.56 -581.023 -2587.5
1923.47 -575.31 -2579.02
1923.47 -575.31 -2579.02
1910.46 -570.335 -2569.7
1910.46 -570.335 -2569.7
1897.52 -566.097 -2559.54
1897.52 -566.097 -2559.54
1884.65 -562.597 -2548.53
1884.65 -562.597 -2548.53
1871.86 -559.835 -2536.68
1871.86 -559.835 -2536.68
1859.14 -557.81 -2523.99
1859.14 -557.81 -2523.99
1846.49 -556.524 -2510.46
1846.49 -556.524 -2510.46
1833.92 -555.974 -2496.08
1833.92 -555.974 -2496.08
1821.43 -556.163 -2480.86
1821.43 -556.163 -2480.86
1809 -557.089 -2464.8
1809 -557.089 -2464.8
1796.65 -558.754 -2447.89
1796.65 -558.754 -2447.89
1784.37 -561.155 -2430.14
1784.37 -561.155 -2430.14
1772.17 -564.295 -2411.55
1772.17 -564.295 -2411.55
1760.04 -568.172 -2392.12
1760.04 -568.172 -2392.12
1747.98 -572.787 -2371.84
1747.98 -572.787 -2371.84
1736 -578.14 -2350.72
1736 -578.14 -2350.72
1724.09 -584.23 -2328.76
1724.09 -584.23 -2328.76
1712.26 -591.058 -2305.95
1712.26 -591.058 -2305.95
1726.98 -595.073 -2279.13
1726.98 -595.073 -2279.13
1741.76 -599.031 -2253.58
1741.76 -599.031 -2253.58
1756.61 -602.934 -2229.29
1756.61 -602.934 -2229.29
1771.53 -606.78 -2206.28
1771.53 -606.78 -2206.28
1786.52 -610.571 -2184.52
1786.52 -610.571 -2184.52
1801.57 -614.306 -2164.04
1801.57 -614.306 -2164.04
1816.69 -617.984 -2144.82
1816.69 -617.984 -2144.82
1831.87 -621.608 -2126.87
1831.87 -621.608 -2126.87
1847.12 -625.175 -2110.19
1847.12 -625.175 -2110.19
1862.44 -628.686 -2094.77
1862.44 -628.686 -2094.77
1877.82 -632.141 -2080.62
1877.82 -632.141 -2080.62
1893.28 -635.54 -2067.74
1893.28 -635.54 -2067.74
1908.79 -638.883 -2056.12
1908.79 -638.883 -2056.12
1924.38 -642.171 -2045.77
1924.38 -642.171 -2045.77
1940.03 -645.402 -2036.69
1940.03 -645.402 -2036.69
1955.75 -648.578 -2028.88
1955.75 -648.578 -2028.88
1971.53 -651.697 -2022.33
1971.53 -651.697 -2022.33
1987.38 -654.761 -2017.05
1987.38 -654.761 -2017.05
2003.3 -657.769 -2013.04
2003.3 -657.769 -2013.04
2019.28 -660.721 -2010.29
2019.28 -660.721 -2010.29
2035.33 -663.617 -2008.81
2035.33 -663.617 -2008.81
2051.45 -666.457 -2008.6
2051.45 -666.457 -2008.6
2067.63 -669.241 -2009.65
2067.63 -669.241 -2009.65
2083.88 -671.969 -2011.97
2083.88 -671.969 -2011.97
2100.2 -674.641 -2015.56
2100.2 -674.641 -2015.56
2116.58 -677.257 -2020.42
2116.58 -677.257 -2020.42
2133.03 -679.818 -2026.54
2133.03 -679.818 -2026.54
2149.55 -682.322 -2033.93
2149.55 -682.322 -2033.93
2166.13 -684.771 -2042.58
2166.13 -684.771 -2042.58
2182.78 -687.164 -2052.51
2182.78 -687.164 -2052.51
2186.33 -691.119 -2039.15
2186.33 -691.119 -2039.15
2188.59 -694.762 -2024.96
2188.59 -694.762 -2024.96
2189.58 -698.094 -2009.95
2189.58 -698.094 -2009.95
2189.28 -701.113 -1994.1
2189.28 -701.113 -1994.1
2187.71 -703.82 -1977.42
2187.71 -703.82 -1977.42
2184.86 -706.215 -1959.9
2184.86 -706.215 -1959.9
2180.72 -708.298 -1941.56
2180.72 -708.298 -1941.56
2175.31 -710.068 -1922.39
2175.31 -710.068 -1922.39
2168.62 -711.527 -1902.38
2168.62 -711.527 -1902.38
2160.65 -712.674 -1881.54
2160.65 -712.674 -1881.54
2151.41 -713.508 -1859.88
2151.41 -713.508 -1859.88
2140.88 -714.031 -1837.38
2140.88 -714.031 -1837.38
2129.07 -714.241 -1814.05
2129.07 -714.241 -1814.05
2115.98 -714.139 -1789.89
2115.98 -714.139 -1789.89
2101.62 -713.726 -1764.9
2101.62 -713.726 -1764.9
2085.98 -713 -1739.07
2085.98 -713 -1739.07
2069.05 -711.962 -1712.42
2069.05 -711.962 -1712.42
2050.85 -710.612 -1684.93
2050.85 -710.612 -1684.93
2031.37 -708.949 -1656.61
2031.37 -708.949 -1656.61
2010.61 -706.975 -1627.47
2010.61 -706.975 -1627.47
1988.57 -704.689 -1597.49
1988.57 -704.689 -1597.49
1965.25 -702.09 -1566.68
1965.25 -702.09 -1566.68
1940.65 -699.18 -1535.04
1940.65 -699.18 -1535.04
1914.77 -695.957 -1502.56
1914.77 -695.957 -1502.56
1887.61 -692.422 -1469.26
1887.61 -692.422 -1469.26
1859.18 -688.575 -1435.13
1859.18 -688.575 -1435.13
1829.46 -684.417 -1400.16
1829.46 -684.417 -1400.16
1798.47 -679.945 -1364.36
1798.47 -679.945 -1364.36
1766.19 -675.162 -1327.73
1766.19 -675.162 -1327.73
1732.64 -670.067 -1290.27
1732.64 -670.067 -1290.27
1702.03 -655.709 -1306.99
1702.03 -655.709 -1306.99
1673.57 -641.665 -1323.56
1673.57 -641.665 -1323.56
1647.26 -627.935 -1340.01
1647.26 -627.935 -1340.01
1623.11 -614.52 -1356.31
1623.11 -614.52 -1356.31
1601.11 -601.42 -1372.49
1601.11 -601.42 -1372.49
1581.26 -588.634 -1388.53
1581.26 -588.634 -1388.53
1563.56 -576.162 -1404.44
1563.56 -576.162 -1404.44
1548.01 -564.005 -1420.21
1548.01 -564.005 -1420.21
1534.62 -552.163 -1435.85
1534.62 -552.163 -1435.85
1523.38 -540.635 -1451.35
1523.38 -540.635 -1451.35
1514.29 -529.421 -1466.73
1514.29 -529.421 -1466.73
1507.36 -518.522 -1481.96
1507.36 -518.522 -1481.96
1502.58 -507.938 -1497.07
1502.58 -507.938 -1497.07
1499.94 -497.667 -1512.03
1499.94 -497.667 -1512.03
1499.47 -487.712 -1526.87
1499.47 -487.712 -1526.87
1501.14 -478.071 -1541.57
1501.14 -478.071 -1541.57
1504.97 -468.744 -1556.14
1504.97 -468.744 -1556.14
1510.95 -459.732 -1570.57
1510.95 -459.732 -1570.57
1519.08 -451.035 -1584.87
1519.08 -451.035 -1584.87
1529.36 -442.652 -1599.03
1529.36 -442.652 -1599.03
1541.8 -434.583 -1613.06
1541.8 -434.583 -1613.06
1556.39 -426.829 -1626.96
1556.39 -426.829 -1626.96
1573.13 -419.39 -1640.72
1573.13 -419.39 -1640.72
1592.02 -412.265 -1654.35
1592.02 -412.265 -1654.35
1613.07 -405.454 -1667.85
1613.07 -405.454 -1667.85
1636.27 -398.958 -1681.21
1636.27 -398.958 -1681.21
1661.62 -392.776 -1694.43
1661.62 -392.776 -1694.43
1689.12 -386.909 -1707.53
1689.12 -386.909 -1707.53
1718.78 -381.357 -1720.48
1718.78 -381.357 -1720.48
1750.58 -376.119 -1733.31
