161.843 225.101 -6.41038
155.576 227.465 -1.19003
155.576 227.465 -1.19003
149.341 229.799 3.9548
149.341 229.799 3.9548
143.14 232.104 9.02412
143.14 232.104 9.02412
136.971 234.38 14.0179
136.971 234.38 14.0179
130.835 236.626 18.9362
130.835 236.626 18.9362
124.732 238.844 23.779
124.732 238.844 23.779
118.662 241.032 28.5463
118.662 241.032 28.5463
112.624 243.191 33.238
112.624 243.191 33.238
106.619 245.321 37.8543
106.619 245.321 37.8543
100.647 247.421 42.395
100.647 247.421 42.395
94.7082 249.492 46.8602
94.7082 249.492 46.8602
88.802 251.534 51.2499
88.802 251.534 51.2499
82.9285 253.547 55.5641
82.9285 253.547 55.5641
77.0878 255.531 59.8028
77.0878 255.531 59.8028
71.2799 257.485 63.966
71.2799 257.485 63.966
65.5049 259.41 68.0536
65.5049 259.41 68.0536
59.7626 261.306 72.0658
59.7626 261.306 72.0658
54.0532 263.173 76.0024
54.0532 263.173 76.0024
48.3766 265.01 79.8635
48.3766 265.01 79.8635
42.7328 266.818 83.6491
42.7328 266.818 83.6491
37.1218 268.597 87.3592
37.1218 268.597 87.3592
31.5436 270.347 90.9938
31.5436 270.347 90.9938
25.9982 272.068 94.5529
25.9982 272.068 94.5529
20.4857 273.759 98.0364
20.4857 273.759 98.0364
15.0059 275.421 101.444
15.0059 275.421 101.444
9.55897 277.054 104.777
9.55897 277.054 104.777
4.14484 278.657 108.034
4.14484 278.657 108.034
-1.23649 280.232 111.216
-1.23649 280.232 111.216
-6.585 281.777 114.322
-6.585 281.777 114.322
-11.9007 283.293 117.352
-11.9007 283.293 117.352
-26.0755 290.167 120.275
-26.0755 290.167 120.275
-39.8494 296.871 123.174
-39.8494 296.871 123.174
-53.2223 303.405 126.052
-53.2223 303.405 126.052
-66.1942 309.768 128.906
-66.1942 309.768 128.906
-78.7652 315.961 131.737
-78.7652 315.961 131.737
-90.9351 321.983 134.546
-90.9351 321.983 134.546
-102.704 327.835 137.332
-102.704 327.835 137.332
-114.072 333.517 140.095
-114.072 333.517 140.095
-125.039 339.028 142.835
-125.039 339.028 142.835
-135.605 344.369 145.552
-135.605 344.369 145.552
-145.77 349.54 148.247
-145.77 349.54 148.247
-155.535 354.54 150.919
-155.535 354.54 150.919
-164.898 359.37 153.568
-164.898 359.37 153.568
-173.86 364.03 156.194
-173.86 364.03 156.194
-182.421 368.519 158.797
-182.421 368.519 158.797
-190.581 372.837 161.378
-190.581 372.837 161.378
-198.341 376.986 163.936
-198.341 376.986 163.936
-205.699 380.964 166.471
-205.699 380.964 166.471
-212.656 384.772 168.983
-212.656 384.772 168.983
-219.213 388.409 171.472
-219.213 388.409 171.472
-225.368 391.876 173.939
-225.368 391.876 173.939
-231.122 395.172 176.383
-231.122 395.172 176.383
-236.476 398.299 178.804
-236.476 398.299 178.804
-241.428 401.254 181.202
-241.428 401.254 181.202
-245.98 404.04 183.577
-245.98 404.04 183.577
-250.13 406.655 185.93
-250.13 406.655 185.93
-253.88 409.1 188.259
-253.88 409.1 188.259
-257.228 411.374 190.566
-257.228 411.374 190.566
-260.176 413.478 192.851
-260.176 413.478 192.851
-262.723 415.412 195.112
-262.723 415.412 195.112
-261.907 420.271 203.114
-261.907 420.271 203.114
-261.22 425.041 210.927
-261.22 425.041 210.927
-260.663 429.72 218.553
-260.663 429.72 218.553
-260.235 434.31 225.99
-260.235 434.31 225.99
-259.936 438.81 233.24
-259.936 438.81 233.24
-259.766 443.22 240.301
-259.766 443.22 240.301
-259.726 447.541 247.174
-259.726 447.541 247.174
-259.814 451.771 253.859
-259.814 451.771 253.859
-260.032 455.912 260.356
-260.032 455.912 260.356
-260.38 459.963 266.665
-260.38 459.963 266.665
-260.856 463.923 272.786
-260.856 463.923 272.786
-261.462 467.795 278.719
-261.462 467.795 278.719
-262.197 471.576 284.463
-262.197 471.576 284.463
-263.061 475.267 290.02
-263.061 475.267 290.02
-264.055 478.869 295.388
-264.055 478.869 295.388
-265.178 482.38 300.568
-265.178 482.38 300.568
-266.43 485.802 305.56
-266.43 485.802 305.56
-267.811 489.134 310.365
-267.811 489.134 310.365
-269.322 492.376 314.98
-269.322 492.376 314.98
-270.961 495.529 319.408
-270.961 495.529 319.408
-272.73 498.591 323.648
-272.73 498.591 323.648
-274.629 501.564 327.7
-274.629 501.564 327.7
-276.656 504.447 331.563
-276.656 504.447 331.563
-278.813 507.239 335.239
-278.813 507.239 335.239
-281.099 509.943 338.726
-281.099 509.943 338.726
-283.514 512.556 342.025
-283.514 512.556 342.025
-286.058 515.079 345.137
-286.058 515.079 345.137
-288.732 517.513 348.06
-288.732 517.513 348.06
-291.535 519.856 350.795
-291.535 519.856 350.795
-294.467 522.11 353.341
-294.467 522.11 353.341
-302.249 530.021 353.819
-302.249 530.021 353.819
-309.943 537.869 354.242
-309.943 537.869 354.242
-317.548 545.652 354.611
-317.548 545.652 354.611
-325.064 553.372 354.925
-325.064 553.372 354.925
-332.493 561.028 355.186
-332.493 561.028 355.186
-339.832 568.62 355.391
-339.832 568.62 355.391
-347.084 576.148 355.543
-347.084 576.148 355.543
-354.247 583.612 355.64
-354.247 583.612 355.64
-361.322 591.012 355.683
-361.322 591.012 355.683
-368.308 598.348 355.671
-368.308 598.348 355.671
-375.206 605.62 355.605
-375.206 605.62 355.605
-382.016 612.828 355.485
-382.016 612.828 355.485
-388.737 619.973 355.31
-388.737 619.973 355.31
-395.369 627.053 355.081
-395.369 627.053 355.081
-401.914 634.07 354.797
-401.914 634.07 354.797
-408.37 641.022 354.46
-408.37 641.022 354.46
-414.737 647.911 354.068
-414.737 647.911 354.068
-421.017 654.736 353.621
-421.017 654.736 353.621
-427.208 661.496 353.12
-427.208 661.496 353.12
-433.31 668.193 352.565
-433.31 668.193 352.565
-439.324 674.826 351.956
-439.324 674.826 351.956
-445.25 681.396 351.292
-445.25 681.396 351.292
-451.087 687.901 350.573
-451.087 687.901 350.573
-456.836 694.342 349.801
-456.836 694.342 349.801
-462.496 700.719 348.974
-462.496 700.719 348.974
-468.069 707.033 348.093
-468.069 707.033 348.093
-473.552 713.282 347.157
-473.552 713.282 347.157
-478.948 719.468 346.167
-478.948 719.468 346.167
-484.255 725.589 345.123
-484.255 725.589 345.123
-489.473 731.647 344.024
-489.473 731.647 344.024
-491.225 750.226 331.886
-491.225 750.226 331.886
-492.775 768.235 320.075
-492.775 768.235 320.075
-494.123 785.674 308.591
-494.123 785.674 308.591
-495.268 802.542 297.435
-495.268 802.542 297.435
-496.211 818.841 286.606
-496.211 818.841 286.606
-496.951 834.57 276.104
-496.951 834.57 276.104
-497.489 849.728 265.93
-497.489 849.728 265.93
-497.825 864.317 256.082
-497.825 864.317 256.082
-497.958 878.335 246.562
-497.958 878.335 246.562
-497.889 891.783 237.37
-497.889 891.783 237.37
-497.618 904.661 228.504
-497.618 904.661 228.504
-497.144 916.97 219.966
-497.144 916.97 219.966
-496.468 928.708 211.755
-496.468 928.708 211.755
-495.59 939.876 203.871
-495.59 939.876 203.871
-494.509 950.474 196.315
-494.509 950.474 196.315
-493.226 960.502 189.086
-493.226 960.502 189.086
-491.741 969.959 182.184
-491.741 969.959 182.184
-490.053 978.847 175.61
-490.053 978.847 175.61
-488.163 987.165 169.362
-488.163 987.165 169.362
-486.07 994.913 163.442
-486.07 994.913 163.442
-483.775 1002.09 157.85
-483.775 1002.09 157.85
-481.278 1008.7 152.584
-481.278 1008.7 152.584
-478.578 1014.74 147.646
-478.578 1014.74 147.646
-475.676 1020.2 143.035
-475.676 1020.2 143.035
-472.572 1025.1 138.751
-472.572 1025.1 138.751
-469.265 1029.43 134.795
-469.265 1029.43 134.795
-465.756 1033.18 131.166
-465.756 1033.18 131.166
-462.045 1036.37 127.864
-462.045 1036.37 127.864
-458.131 1038.99 124.889
-458.131 1038.99 124.889
-454.015 1041.04 122.242
-454.015 1041.04 122.242
-444.163 1049.85 116.965
-444.163 1049.85 116.965
-434.606 1058.45 111.824
-434.606 1058.45 111.824
-425.343 1066.84 106.817
-425.343 1066.84 106.817
-416.375 1075.02 101.945
-416.375 1075.02 101.945
-407.701 1082.98 97.2084
-407.701 1082.98 97.2084
-399.321 1090.74 92.6068
-399.321 1090.74 92.6068
-391.237 1098.29 88.1401
-391.237 1098.29 88.1401
-383.446 1105.62 83.8085
-383.446 1105.62 83.8085
-375.95 1112.74 79.6119
-375.95 1112.74 79.6119
-368.749 1119.66 75.5503
-368.749 1119.66 75.5503
-361.842 1126.36 71.6238
-361.842 1126.36 71.6238
-355.23 1132.85 67.8323
-355.23 1132.85 67.8323
-348.912 1139.13 64.1758
-348.912 1139.13 64.1758
-342.888 1145.2 60.6544
-342.888 1145.2 60.6544
-337.159 1151.06 57.268
-337.159 1151.06 57.268
-331.725 1156.71 54.0166
-331.725 1156.71 54.0166
-326.585 1162.14 50.9002
-326.585 1162.14 50.9002
-321.739 1167.37 47.9189
-321.739 1167.37 47.9189
-317.188 1172.39 45.0726
-317.188 1172.39 45.0726
-312.931 1177.19 42.3613
-312.931 1177.19 42.3613
-308.969 1181.78 39.7851
-308.969 1181.78 39.7851
-305.302 1186.17 37.3438
-305.302 1186.17 37.3438
-301.928 1190.34 35.0376
-301.928 1190.34 35.0376
-298.85 1194.3 32.8665
-298.85 1194.3 32.8665
-296.065 1198.05 30.8304
-296.065 1198.05 30.8304
-293.576 1201.59 28.9292
-293.576 1201.59 28.9292
-291.381 1204.92 27.1632
-291.381 1204.92 27.1632
-289.48 1208.03 25.5321
-289.48 1208.03 25.5321
-287.874 1210.94 24.0361
-287.874 1210.94 24.0361
-286.562 1213.63 22.6751
-286.562 1213.63 22.6751
-280.822 1212.06 25.2063
-280.822 1212.06 25.2063
-275.285 1210.39 27.6654
-275.285 1210.39 27.6654
-269.952 1208.65 30.0526
-269.952 1208.65 30.0526
-264.823 1206.82 32.3677
-264.823 1206.82 32.3677
-259.897 1204.92 34.6108
-259.897 1204.92 34.6108
-255.174 1202.92 36.782
-255.174 1202.92 36.782
-250.655 1200.85 38.8811
-250.655 1200.85 38.8811
-246.34 1198.69 40.9082
-246.34 1198.69 40.9082
-242.228 1196.46 42.8634
-242.228 1196.46 42.8634
-238.32 1194.14 44.7465
-238.32 1194.14 44.7465
-234.615 1191.73 46.5576
-234.615 1191.73 46.5576
-231.114 1189.25 48.2967
-231.114 1189.25 48.2967
-227.817 1186.68 49.9638
-227.817 1186.68 49.9638
-224.723 1184.03 51.559
-224.723 1184.03 51.559
-221.832 1181.29 53.0821
-221.832 1181.29 53.0821
-219.145 1178.48 54.5332
-219.145 1178.48 54.5332
-216.662 1175.58 55.9123
-216.662 1175.58 55.9123
-214.382 1172.6 57.2194
-214.382 1172.6 57.2194
-212.305 1169.54 58.4545
-212.305 1169.54 58.4545
-210.432 1166.39 59.6176
-210.432 1166.39 59.6176
-208.763 1163.17 60.7086
-208.763 1163.17 60.7086
-207.297 1159.86 61.7277
-207.297 1159.86 61.7277
-206.035 1156.46 62.6748
-206.035 1156.46 62.6748
-204.977 1152.99 63.5499
-204.977 1152.99 63.5499
-204.121 1149.43 64.353
-204.121 1149.43 64.353
-203.47 1145.79 65.084
-203.47 1145.79 65.084
-203.022 1142.07 65.7431
-203.022 1142.07 65.7431
-202.777 1138.26 66.3302
-202.777 1138.26 66.3302
-202.736 1134.38 66.8452
-202.736 1134.38 66.8452
-202.899 1130.41 67.2883
-202.899 1130.41 67.2883
-195.103 1132.03 75.6966
-195.103 1132.03 75.6966
-187.442 1133.66 83.893
-187.442 1133.66 83.893
-179.915 1135.29 91.8777
-179.915 1135.29 91.8777
-172.522 1136.91 99.6507
-172.522 1136.91 99.6507
-165.263 1138.54 107.212
-165.263 1138.54 107.212
-158.139 1140.17 114.561
-158.139 1140.17 114.561
-151.149 1141.8 121.699
-151.149 1141.8 121.699
-144.293 1143.43 128.625
-144.293 1143.43 128.625
-137.571 1145.06 135.339
-137.571 1145.06 135.339
-130.984 1146.69 141.841
-130.984 1146.69 141.841
-124.531 1148.32 148.131
-124.531 1148.32 148.131
-118.212 1149.95 154.21
-118.212 1149.95 154.21
-112.028 1151.58 160.077
-112.028 1151.58 160.077
-105.978 1153.21 165.732
-105.978 1153.21 165.732
-100.062 1154.84 171.175
-100.062 1154.84 171.175
-94.2798 1156.47 176.407
-94.2798 1156.47 176.407
-88.6323 1158.11 181.427
-88.6323 1158.11 181.427
-83.1191 1159.74 186.235
-83.1191 1159.74 186.235
-77.7401 1161.37 190.831
-77.7401 1161.37 190.831
-72.4954 1163 195.216
-72.4954 1163 195.216
-67.3849 1164.64 199.388
-67.3849 1164.64 199.388
-62.4087 1166.27 203.349
-62.4087 1166.27 203.349
-57.5668 1167.91 207.098
-57.5668 1167.91 207.098
-52.8591 1169.54 210.636
-52.8591 1169.54 210.636
-48.2857 1171.18 213.961
-48.2857 1171.18 213.961
-43.8465 1172.81 217.075
-43.8465 1172.81 217.075
-39.5416 1174.45 219.977
-39.5416 1174.45 219.977
-35.371 1176.08 222.667
-35.371 1176.08 222.667
-31.3346 1177.72 225.146
-31.3346 1177.72 225.146
-27.4325 1179.36 227.412
