2437 -917.792 -657.686
2433.38 -907.867 -631.334
2433.38 -907.867 -631.334
2430.43 -898.316 -604.63
2430.43 -898.316 -604.63
2428.13 -889.138 -577.573
2428.13 -889.138 -577.573
2426.49 -880.333 -550.163
2426.49 -880.333 -550.163
2425.52 -871.901 -522.401
2425.52 -871.901 -522.401
2425.2 -863.843 -494.287
2425.2 -863.843 -494.287
2425.54 -856.157 -465.819
2425.54 -856.157 -465.819
2426.55 -848.844 -436.999
2426.55 -848.844 -436.999
2428.21 -841.905 -407.827
2428.21 -841.905 -407.827
2430.53 -835.339 -378.302
2430.53 -835.339 -378.302
2433.51 -829.145 -348.424
2433.51 -829.145 -348.424
2437.16 -823.325 -318.194
2437.16 -823.325 -318.194
2441.46 -817.878 -287.611
2441.46 -817.878 -287.611
2446.42 -812.805 -256.675
2446.42 -812.805 -256.675
2452.05 -808.104 -225.387
2452.05 -808.104 -225.387
2458.33 -803.776 -193.747
2458.33 -803.776 -193.747
2465.27 -799.821 -161.753
2465.27 -799.821 -161.753
2472.87 -796.24 -129.407
2472.87 -796.24 -129.407
2481.14 -793.032 -96.7089
2481.14 -793.032 -96.7089
2490.06 -790.196 -63.6578
2490.06 -790.196 -63.6578
2499.64 -787.734 -30.2542
2499.64 -787.734 -30.2542
2509.88 -785.645 3.50217
2509.88 -785.645 3.50217
2520.79 -783.929 37.611
2520.79 -783.929 37.611
2532.35 -782.586 72.0726
2532.35 -782.586 72.0726
2544.57 -781.617 106.887
2544.57 -781.617 106.887
2557.45 -781.02 142.053
2557.45 -781.02 142.053
2571 -780.797 177.573
2571 -780.797 177.573
2585.2 -780.946 213.445
2585.2 -780.946 213.445
2600.06 -781.469 249.669
2600.06 -781.469 249.669
2615.58 -782.365 286.246
2615.58 -782.365 286.246
2598.79 -785.561 317.558
2598.79 -785.561 317.558
2581.98 -788.597 349.097
2581.98 -788.597 349.097
2565.15 -791.474 380.863
2565.15 -791.474 380.863
2548.3 -794.19 412.855
2548.3 -794.19 412.855
2531.43 -796.747 445.074
2531.43 -796.747 445.074
2514.54 -799.143 477.52
2514.54 -799.143 477.52
2497.63 -801.38 510.192
2497.63 -801.38 510.192
2480.7 -803.457 543.091
2480.7 -803.457 543.091
2463.75 -805.373 576.217
2463.75 -805.373 576.217
2446.79 -807.13 609.569
2446.79 -807.13 609.569
2429.8 -808.727 643.149
2429.8 -808.727 643.149
2412.8 -810.164 676.954
2412.8 -810.164 676.954
2395.77 -811.44 710.987
2395.77 -811.44 710.987
2378.73 -812.557 745.246
2378.73 -812.557 745.246
2361.67 -813.514 779.732
2361.67 -813.514 779.732
2344.58 -814.311 814.445
2344.58 -814.311 814.445
2327.48 -814.948 849.384
2327.48 -814.948 849.384
2310.36 -815.425 884.55
2310.36 -815.425 884.55
2293.22 -815.742 919.943
2293.22 -815.742 919.943
2276.06 -815.9 955.562
2276.06 -815.9 955.562
2258.88 -815.897 991.408
2258.88 -815.897 991.408
2241.68 -815.734 1027.48
2241.68 -815.734 1027.48
2224.46 -815.411 1063.78
2224.46 -815.411 1063.78
2207.23 -814.929 1100.31
2207.23 -814.929 1100.31
2189.97 -814.286 1137.06
2189.97 -814.286 1137.06
2172.69 -813.483 1174.04
2172.69 -813.483 1174.04
2155.4 -812.521 1211.25
2155.4 -812.521 1211.25
2138.08 -811.398 1248.68
2138.08 -811.398 1248.68
2120.75 -810.116 1286.34
2120.75 -810.116 1286.34
2103.4 -808.673 1324.22
2103.4 -808.673 1324.22
2073.09 -839.335 1374.84
2073.09 -839.335 1374.84
2043.12 -868.988 1424.28
2043.12 -868.988 1424.28
2013.46 -897.634 1472.54
2013.46 -897.634 1472.54
1984.12 -925.272 1519.63
1984.12 -925.272 1519.63
1955.11 -951.902 1565.55
1955.11 -951.902 1565.55
1926.42 -977.524 1610.28
1926.42 -977.524 1610.28
1898.05 -1002.14 1653.84
1898.05 -1002.14 1653.84
1870 -1025.74 1696.23
1870 -1025.74 1696.23
1842.27 -1048.34 1737.44
1842.27 -1048.34 1737.44
1814.87 -1069.93 1777.47
1814.87 -1069.93 1777.47
1787.79 -1090.52 1816.32
1787.79 -1090.52 1816.32
1761.03 -1110.09 1854.01
1761.03 -1110.09 1854.01
1734.59 -1128.66 1890.51
1734.59 -1128.66 1890.51
1708.47 -1146.22 1925.84
1708.47 -1146.22 1925.84
1682.67 -1162.77 1959.99
1682.67 -1162.77 1959.99
1657.2 -1178.32 1992.97
1657.2 -1178.32 1992.97
1632.05 -1192.85 2024.77
1632.05 -1192.85 2024.77
1607.22 -1206.38 2055.4
1607.22 -1206.38 2055.4
1582.71 -1218.9 2084.85
1582.71 -1218.9 2084.85
1558.52 -1230.41 2113.12
1558.52 -1230.41 2113.12
1534.65 -1240.92 2140.22
1534.65 -1240.92 2140.22
1511.11 -1250.42 2166.14
1511.11 -1250.42 2166.14
1487.89 -1258.9 2190.89
1487.89 -1258.9 2190.89
1464.99 -1266.39 2214.46
1464.99 -1266.39 2214.46
1442.41 -1272.86 2236.85
1442.41 -1272.86 2236.85
1420.15 -1278.33 2258.07
1420.15 -1278.33 2258.07
1398.22 -1282.78 2278.11
1398.22 -1282.78 2278.11
1376.6 -1286.23 2296.98
1376.6 -1286.23 2296.98
1355.31 -1288.68 2314.67
1355.31 -1288.68 2314.67
1334.34 -1290.11 2331.18
1334.34 -1290.11 2331.18
1280.53 -1265.68 2348.19
1280.53 -1265.68 2348.19
1227.66 -1241.66 2364.72
1227.66 -1241.66 2364.72
1175.73 -1218.05 2380.77
1175.73 -1218.05 2380.77
1124.74 -1194.85 2396.34
1124.74 -1194.85 2396.34
1074.68 -1172.06 2411.44
1074.68 -1172.06 2411.44
1025.57 -1149.69 2426.05
1025.57 -1149.69 2426.05
977.398 -1127.72 2440.18
977.398 -1127.72 2440.18
930.164 -1106.17 2453.84
930.164 -1106.17 2453.84
883.87 -1085.03 2467.01
883.87 -1085.03 2467.01
838.515 -1064.3 2479.71
838.515 -1064.3 2479.71
794.1 -1043.99 2491.93
794.1 -1043.99 2491.93
750.625 -1024.08 2503.66
750.625 -1024.08 2503.66
708.089 -1004.59 2514.92
708.089 -1004.59 2514.92
666.492 -985.505 2525.7
666.492 -985.505 2525.7
625.836 -966.835 2536
625.836 -966.835 2536
586.119 -948.576 2545.82
586.119 -948.576 2545.82
547.341 -930.728 2555.16
547.341 -930.728 2555.16
509.503 -913.292 2564.02
509.503 -913.292 2564.02
472.604 -896.268 2572.4
472.604 -896.268 2572.4
436.645 -879.656 2580.3
436.645 -879.656 2580.3
401.626 -863.455 2587.73
401.626 -863.455 2587.73
367.546 -847.665 2594.67
367.546 -847.665 2594.67
334.406 -832.287 2601.14
334.406 -832.287 2601.14
302.205 -817.321 2607.12
302.205 -817.321 2607.12
270.944 -802.766 2612.63
270.944 -802.766 2612.63
240.623 -788.623 2617.65
240.623 -788.623 2617.65
211.241 -774.892 2622.2
211.241 -774.892 2622.2
182.798 -761.572 2626.27
182.798 -761.572 2626.27
155.295 -748.663 2629.86
155.295 -748.663 2629.86
128.732 -736.167 2632.97
128.732 -736.167 2632.97
94.9564 -714.212 2616.28
94.9564 -714.212 2616.28
61.6468 -692.856 2598.82
61.6468 -692.856 2598.82
28.8035 -672.099 2580.58
28.8035 -672.099 2580.58
-3.57359 -651.94 2561.58
-3.57359 -651.94 2561.58
-35.4844 -632.38 2541.8
-35.4844 -632.38 2541.8
-66.929 -613.419 2521.24
-66.929 -613.419 2521.24
-97.9074 -595.056 2499.92
-97.9074 -595.056 2499.92
-128.42 -577.292 2477.82
-128.42 -577.292 2477.82
-158.465 -560.127 2454.94
-158.465 -560.127 2454.94
-188.045 -543.56 2431.3
-188.045 -543.56 2431.3
-217.158 -527.592 2406.88
-217.158 -527.592 2406.88
-245.806 -512.222 2381.69
-245.806 -512.222 2381.69
-273.986 -497.452 2355.72
-273.986 -497.452 2355.72
-301.701 -483.28 2328.99
-301.701 -483.28 2328.99
-328.949 -469.706 2301.47
-328.949 -469.706 2301.47
-355.732 -456.731 2273.19
-355.732 -456.731 2273.19
-382.048 -444.355 2244.13
-382.048 -444.355 2244.13
-407.897 -432.578 2214.3
-407.897 -432.578 2214.3
-433.281 -421.399 2183.7
-433.281 -421.399 2183.7
-458.198 -410.819 2152.32
-458.198 -410.819 2152.32
-482.649 -400.837 2120.18
-482.649 -400.837 2120.18
-506.634 -391.455 2087.25
-506.634 -391.455 2087.25
-530.152 -382.67 2053.56
-530.152 -382.67 2053.56
-553.204 -374.485 2019.09
-553.204 -374.485 2019.09
-575.79 -366.898 1983.85
-575.79 -366.898 1983.85
-597.91 -359.91 1947.83
-597.91 -359.91 1947.83
-619.563 -353.52 1911.04
-619.563 -353.52 1911.04
-640.751 -347.73 1873.48
-640.751 -347.73 1873.48
-661.472 -342.537 1835.15
-661.472 -342.537 1835.15
-681.726 -337.944 1796.04
-681.726 -337.944 1796.04
-731.292 -360.242 1776.72
-731.292 -360.242 1776.72
-782.324 -381.297 1758.67
-782.324 -381.297 1758.67
-834.824 -401.109 1741.89
-834.824 -401.109 1741.89
-888.791 -419.678 1726.4
-888.791 -419.678 1726.4
-944.225 -437.004 1712.18
-944.225 -437.004 1712.18
-1001.13 -453.088 1699.24
-1001.13 -453.088 1699.24
-1059.49 -467.928 1687.58
-1059.49 -467.928 1687.58
-1119.33 -481.526 1677.2
-1119.33 -481.526 1677.2
-1180.63 -493.881 1668.1
-1180.63 -493.881 1668.1
-1243.4 -504.993 1660.27
-1243.4 -504.993 1660.27
-1307.64 -514.862 1653.72
-1307.64 -514.862 1653.72
-1373.34 -523.489 1648.45
-1373.34 -523.489 1648.45
-1440.51 -530.872 1644.46
-1440.51 -530.872 1644.46
-1509.15 -537.013 1641.74
-1509.15 -537.013 1641.74
-1579.25 -541.91 1640.3
-1579.25 -541.91 1640.3
-1650.82 -545.565 1640.15
-1650.82 -545.565 1640.15
-1723.86 -547.977 1641.26
-1723.86 -547.977 1641.26
-1798.37 -549.146 1643.66
-1798.37 -549.146 1643.66
-1874.34 -549.073 1647.33
-1874.34 -549.073 1647.33
-1951.78 -547.756 1652.29
-1951.78 -547.756 1652.29
-2030.68 -545.197 1658.52
-2030.68 -545.197 1658.52
-2111.06 -541.395 1666.03
-2111.06 -541.395 1666.03
-2192.9 -536.349 1674.81
-2192.9 -536.349 1674.81
-2276.21 -530.061 1684.88
-2276.21 -530.061 1684.88
-2360.98 -522.531 1696.22
-2360.98 -522.531 1696.22
-2447.22 -513.757 1708.84
-2447.22 -513.757 1708.84
-2534.93 -503.74 1722.73
-2534.93 -503.74 1722.73
-2624.11 -492.481 1737.91
-2624.11 -492.481 1737.91
-2714.75 -479.978 1754.36
-2714.75 -479.978 1754.36
-2806.86 -466.233 1772.09
-2806.86 -466.233 1772.09
-2800.6 -469.934 1726.84
-2800.6 -469.934 1726.84
-2794.16 -473.8 1681.76
-2794.16 -473.8 1681.76
-2787.56 -477.833 1636.86
-2787.56 -477.833 1636.86
-2780.78 -482.031 1592.15
-2780.78 -482.031 1592.15
-2773.83 -486.395 1547.62
-2773.83 -486.395 1547.62
-2766.71 -490.924 1503.27
-2766.71 -490.924 1503.27
-2759.42 -495.62 1459.09
-2759.42 -495.62 1459.09
-2751.95 -500.481 1415.11
-2751.95 -500.481 1415.11
-2744.31 -505.508 1371.3
-2744.31 -505.508 1371.3
-2736.5 -510.701 1327.67
-2736.5 -510.701 1327.67
-2728.52 -516.059 1284.23
-2728.52 -516.059 1284.23
-2720.37 -521.584 1240.96
-2720.37 -521.584 1240.96
-2712.05 -527.274 1197.88
-2712.05 -527.274 1197.88
-2703.55 -533.13 1154.98
-2703.55 -533.13 1154.98
-2694.88 -539.152 1112.26
-2694.88 -539.152 1112.26
-2686.04 -545.339 1069.72
-2686.04 -545.339 1069.72
-2677.03 -551.693 1027.36
-2677.03 -551.693 1027.36
-2667.84 -558.212 985.184
-2667.84 -558.212 985.184
-2658.49 -564.897 943.189
-2658.49 -564.897 943.189
-2648.96 -571.748 901.375
-2648.96 -571.748 901.375
-2639.26 -578.765 859.742
-2639.26 -578.765 859.742
-2629.39 -585.947 818.291
-2629.39 -585.947 818.291
-2619.35 -593.295 777.021
-2619.35 -593.295 777.021
-2609.13 -600.809 735.932
-2609.13 -600.809 735.932
-2598.74 -608.489 695.024
-2598.74 -608.489 695.024
-2588.18 -616.334 654.298
-2588.18 -616.334 654.298
-2577.45 -624.346 613.753
-2577.45 -624.346 613.753
-2566.55 -632.523 573.389
-2566.55 -632.523 573.389
-2555.47 -640.866 533.207
-2555.47 -640.866 533.207
-2544.23 -649.375 493.205
-2544.23 -649.375 493.205
-2526.23 -639.773 473.297
-2526.23 -639.773 473.297
-2508.13 -630.664 452.298
-2508.13 -630.664 452.298
-2489.93 -622.048 430.208
-2489.93 -622.048 430.208
-2471.63 -613.926 407.027
-2471.63 -613.926 407.027
-2453.24 -606.298 382.754
-2453.24 -606.298 382.754
-2434.74 -599.162 357.391
-2434.74 -599.162 357.391
-2416.15 -592.52 330.936
-2416.15 -592.52 330.936
-2397.46 -586.371 303.39
-2397.46 -586.371 303.39
-2378.67 -580.716 274.754
-2378.67 -580.716 274.754
-2359.78 -575.554 245.026
-2359.78 -575.554 245.026
-2340.79 -570.885 214.207
-2340.79 -570.885 214.207
-2321.71 -566.71 182.296
-2321.71 -566.71 182.296
-2302.52 -563.028 149.295
-2302.52 -563.028 149.295
-2283.24 -559.839 115.203
-2283.24 -559.839 115.203
-2263.86 -557.144 80.0192
-2263.86 -557.144 80.0192
-2244.38 -554.942 43.7446
-2244.38 -554.942 43.7446
-2224.8 -553.233 6.37886
-2224.8 -553.233 6.37886
-2205.12 -552.017 -32.078
-2205.12 -552.017 -32.078
-2185.34 -551.295 -71.6259
-2185.34 -551.295 -71.6259
-2165.47 -551.067 -112.265
-2165.47 -551.067 -112.265
-2145.5 -551.331 -153.995
-2145.5 -551.331 -153.995
-2125.42 -552.089 -196.816
-2125.42 -552.089 -196.816
-2105.25 -553.341 -240.729
-2105.25 -553.341 -240.729
-2084.98 -555.085 -285.732
-2084.98 -555.085 -285.732
-2064.62 -557.323 -331.827
-2064.62 -557.323 -331.827
-2044.15 -560.055 -379.013
-2044.15 -560.055 -379.013
-2023.58 -563.279 -427.289
-2023.58 -563.279 -427.289
-2002.92 -566.998 -476.657
-2002.92 -566.998 -476.657
-1982.16 -571.209 -527.116
-1982.16 -571.209 -527.116
-1961.3 -575.914 -578.667
-1961.3 -575.914 -578.667
-1991.92 -585.415 -606.856
-1991.92 -585.415 -606.856
-2021.64 -594.894 -634.418
-2021.64 -594.894 -634.418
-2050.45 -604.351 -661.355
-2050.45 -604.351 -661.355
-2078.37 -613.786 -687.664
-2078.37 -613.786 -687.664
-2105.37 -623.199 -713.348
-2105.37 -623.199 -713.348
-2131.48 -632.589 -738.405
-2131.48 -632.589 -738.405
-2156.68 -641.958 -762.835
-2156.68 -641.958 -762.835
-2180.97 -651.304 -786.639
-2180.97 -651.304 -786.639
-2204.37 -660.628 -809.816
-2204.37 -660.628 -809.816
-2226.85 -669.929 -832.367
-2226.85 -669.929 -832.367
-2248.44 -679.209 -854.292
-2248.44 -679.209 -854.292
-2269.12 -688.466 -875.59
-2269.12 -688.466 -875.59
-2288.89 -697.701 -896.261
-2288.89 -697.701 -896.261
-2307.77 -706.914 -916.306
-2307.77 -706.914 -916.306
-2325.73 -716.105 -935.725
-2325.73 -716.105 -935.725
-2342.8 -725.273 -954.517
-2342.8 -725.273 -954.517
-2358.96 -734.42 -972.682
-2358.96 -734.42 -972.682
-2374.22 -743.544 -990.222
-2374.22 -743.544 -990.222
-2388.57 -752.646 -1007.13
-2388.57 -752.646 -1007.13
-2402.02 -761.725 -1023.42
-2402.02 -761.725 -1023.42
-2414.56 -770.783 -1039.08
-2414.56 -770.783 -1039.08
-2426.2 -779.818 -1054.11
-2426.2 -779.818 -1054.11
-2436.94 -788.831 -1068.52
-2436.94 -788.831 -1068.52
-2446.78 -797.822 -1082.3
-2446.78 -797.822 -1082.3
-2455.7 -806.791 -1095.45
-2455.7 -806.791 -1095.45
-2463.73 -815.738 -1107.98
-2463.73 -815.738 -1107.98
-2470.85 -824.662 -1119.88
-2470.85 -824.662 -1119.88
-2477.07 -833.564 -1131.16
-2477.07 -833.564 -1131.16
-2482.38 -842.444 -1141.81
-2482.38 -842.444 -1141.81
-2486.79 -851.302 -1151.83
-2486.79 -851.302 -1151.83
-2492.31 -863.676 -1201.21
-2492.31 -863.676 -1201.21
-2497.17 -875.588 -1249.87
-2497.17 -875.588 -1249.87
-2501.35 -887.036 -1297.8
-2501.35 -887.036 -1297.8
-2504.88 -898.022 -1345.02
-2504.88 -898.022 -1345.02
-2507.73 -908.544 -1391.51
-2507.73 -908.544 -1391.51
-2509.92 -918.604 -1437.27
-2509.92 -918.604 -1437.27
-2511.44 -928.201 -1482.31
-2511.44 -928.201 -1482.31
-2512.3 -937.336 -1526.63
-2512.3 -937.336 -1526.63
-2512.49 -946.007 -1570.22
-2512.49 -946.007 -1570.22
-2512.01 -954.215 -1613.09
-2512.01 -954.215 -1613.09
-2510.87 -961.961 -1655.24
-2510.87 -961.961 -1655.24
-2509.06 -969.243 -1696.66
-2509.06 -969.243 -1696.66
-2506.59 -976.063 -1737.36
-2506.59 -976.063 -1737.36
-2503.45 -982.42 -1777.34
-2503.45 -982.42 -1777.34
-2499.64 -988.314 -1816.59
-2499.64 -988.314 -1816.59
-2495.16 -993.745 -1855.12
-2495.16 -993.745 -1855.12
-2490.02 -998.713 -1892.92
-2490.02 -998.713 -1892.92
-2484.22 -1003.22 -1930.01
-2484.22 -1003.22 -1930.01
-2477.75 -1007.26 -1966.36
-2477.75 -1007.26 -1966.36
-2470.61 -1010.84 -2002
-2470.61 -1010.84 -2002
-2462.8 -1013.96 -2036.91
-2462.8 -1013.96 -2036.91
-2454.33 -1016.61 -2071.09
-2454.33 -1016.61 -2071.09
-2445.19 -1018.8 -2104.56
-2445.19 -1018.8 -2104.56
-2435.39 -1020.53 -2137.3
-2435.39 -1020.53 -2137.3
-2424.92 -1021.79 -2169.31
-2424.92 -1021.79 -2169.31
-2413.78 -1022.6 -2200.61
-2413.78 -1022.6 -2200.61
-2401.98 -1022.94 -2231.17
-2401.98 -1022.94 -2231.17
-2389.51 -1022.81 -2261.02
-2389.51 -1022.81 -2261.02
-2376.37 -1022.23 -2290.14
-2376.37 -1022.23 -2290.14
-2362.57 -1021.18 -2318.54
-2362.57 -1021.18 -2318.54
-2325.88 -1009.7 -2325.8
-2325.88 -1009.7 -2325.8
-2288.69 -998.665 -2332.75
-2288.69 -998.665 -2332.75
-2250.97 -988.073 -2339.39
-2250.97 -988.073 -2339.39
-2212.75 -977.924 -2345.71
-2212.75 -977.924 -2345.71
-2174.02 -968.219 -2351.73
-2174.02 -968.219 -2351.73
-2134.77 -958.956 -2357.44
-2134.77 -958.956 -2357.44
-2095.01 -950.137 -2362.83
-2095.01 -950.137 -2362.83
-2054.73 -941.761 -2367.92
-2054.73 -941.761 -2367.92
-2013.95 -933.828 -2372.69
-2013.95 -933.828 -2372.69
-1972.65 -926.338 -2377.15
-1972.65 -926.338 -2377.15
-1930.84 -919.291 -2381.31
-1930.84 -919.291 -2381.31
-1888.52 -912.687 -2385.15
-1888.52 -912.687 -2385.15
-1845.68 -906.526 -2388.68
-1845.68 -906.526 -2388.68
-1802.34 -900.809 -2391.9
-1802.34 -900.809 -2391.9
-1758.48 -895.535 -2394.81
-1758.48 -895.535 -2394.81
-1714.1 -890.704 -2397.41
-1714.1 -890.704 -2397.41
-1669.22 -886.315 -2399.69
-1669.22 -886.315 -2399.69
-1623.82 -882.37 -2401.67
-1623.82 -882.37 -2401.67
-1577.91 -878.869 -2403.34
-1577.91 -878.869 -2403.34
-1531.49 -875.81 -2404.69
-1531.49 -875.81 -2404.69
-1484.56 -873.194 -2405.74
-1484.56 -873.194 -2405.74
-1437.11 -871.022 -2406.47
-1437.11 -871.022 -2406.47
-1389.15 -869.293 -2406.89
-1389.15 -869.293 -2406.89
-1340.68 -868.007 -2407.01
-1340.68 -868.007 -2407.01
-1291.7 -867.164 -2406.81
-1291.7 -867.164 -2406.81
-1242.2 -866.764 -2406.3
-1242.2 -866.764 -2406.3
-1192.2 -866.807 -2405.48
-1192.2 -866.807 -2405.48
-1141.68 -867.293 -2404.35
-1141.68 -867.293 -2404.35
-1090.64 -868.223 -2402.91
-1090.64 -868.223 -2402.91
-1039.1 -869.595 -2401.16
